/*--------------------------------*- C++ -*----------------------------------*\
  =========                 |
  \\      /  F ield         | OpenFOAM: The Open Source CFD Toolbox
   \\    /   O peration     | Website:  https://openfoam.org
    \\  /    A nd           | Version:  7
     \\/     M anipulation  |
\*---------------------------------------------------------------------------*/
FoamFile
{
    version     2.0;
    format      ascii;
    class       faceSet;
    location    "constant/polyMesh/sets";
    object      wallFilmFaceSet;
}
// * * * * * * * * * * * * * * * * * * * * * * * * * * * * * * * * * * * * * //


10000
(
3020000 
3020001 
3020002 
3020003 
3020004 
3020005 
3020006 
3020007 
3020008 
3020009 
3020010 
3020011 
3020012 
3020013 
3020014 
3020015 
3020016 
3020017 
3020018 
3020019 
3020020 
3020021 
3020022 
3020023 
3020024 
3020025 
3020026 
3020027 
3020028 
3020029 
3020030 
3020031 
3020032 
3020033 
3020034 
3020035 
3020036 
3020037 
3020038 
3020039 
3020040 
3020041 
3020042 
3020043 
3020044 
3020045 
3020046 
3020047 
3020048 
3020049 
3020050 
3020051 
3020052 
3020053 
3020054 
3020055 
3020056 
3020057 
3020058 
3020059 
3020060 
3020061 
3020062 
3020063 
3020064 
3020065 
3020066 
3020067 
3020068 
3020069 
3020070 
3020071 
3020072 
3020073 
3020074 
3020075 
3020076 
3020077 
3020078 
3020079 
3020080 
3020081 
3020082 
3020083 
3020084 
3020085 
3020086 
3020087 
3020088 
3020089 
3020090 
3020091 
3020092 
3020093 
3020094 
3020095 
3020096 
3020097 
3020098 
3020099 
3020100 
3020101 
3020102 
3020103 
3020104 
3020105 
3020106 
3020107 
3020108 
3020109 
3020110 
3020111 
3020112 
3020113 
3020114 
3020115 
3020116 
3020117 
3020118 
3020119 
3020120 
3020121 
3020122 
3020123 
3020124 
3020125 
3020126 
3020127 
3020128 
3020129 
3020130 
3020131 
3020132 
3020133 
3020134 
3020135 
3020136 
3020137 
3020138 
3020139 
3020140 
3020141 
3020142 
3020143 
3020144 
3020145 
3020146 
3020147 
3020148 
3020149 
3020150 
3020151 
3020152 
3020153 
3020154 
3020155 
3020156 
3020157 
3020158 
3020159 
3020160 
3020161 
3020162 
3020163 
3020164 
3020165 
3020166 
3020167 
3020168 
3020169 
3020170 
3020171 
3020172 
3020173 
3020174 
3020175 
3020176 
3020177 
3020178 
3020179 
3020180 
3020181 
3020182 
3020183 
3020184 
3020185 
3020186 
3020187 
3020188 
3020189 
3020190 
3020191 
3020192 
3020193 
3020194 
3020195 
3020196 
3020197 
3020198 
3020199 
3020200 
3020201 
3020202 
3020203 
3020204 
3020205 
3020206 
3020207 
3020208 
3020209 
3020210 
3020211 
3020212 
3020213 
3020214 
3020215 
3020216 
3020217 
3020218 
3020219 
3020220 
3020221 
3020222 
3020223 
3020224 
3020225 
3020226 
3020227 
3020228 
3020229 
3020230 
3020231 
3020232 
3020233 
3020234 
3020235 
3020236 
3020237 
3020238 
3020239 
3020240 
3020241 
3020242 
3020243 
3020244 
3020245 
3020246 
3020247 
3020248 
3020249 
3020250 
3020251 
3020252 
3020253 
3020254 
3020255 
3020256 
3020257 
3020258 
3020259 
3020260 
3020261 
3020262 
3020263 
3020264 
3020265 
3020266 
3020267 
3020268 
3020269 
3020270 
3020271 
3020272 
3020273 
3020274 
3020275 
3020276 
3020277 
3020278 
3020279 
3020280 
3020281 
3020282 
3020283 
3020284 
3020285 
3020286 
3020287 
3020288 
3020289 
3020290 
3020291 
3020292 
3020293 
3020294 
3020295 
3020296 
3020297 
3020298 
3020299 
3020300 
3020301 
3020302 
3020303 
3020304 
3020305 
3020306 
3020307 
3020308 
3020309 
3020310 
3020311 
3020312 
3020313 
3020314 
3020315 
3020316 
3020317 
3020318 
3020319 
3020320 
3020321 
3020322 
3020323 
3020324 
3020325 
3020326 
3020327 
3020328 
3020329 
3020330 
3020331 
3020332 
3020333 
3020334 
3020335 
3020336 
3020337 
3020338 
3020339 
3020340 
3020341 
3020342 
3020343 
3020344 
3020345 
3020346 
3020347 
3020348 
3020349 
3020350 
3020351 
3020352 
3020353 
3020354 
3020355 
3020356 
3020357 
3020358 
3020359 
3020360 
3020361 
3020362 
3020363 
3020364 
3020365 
3020366 
3020367 
3020368 
3020369 
3020370 
3020371 
3020372 
3020373 
3020374 
3020375 
3020376 
3020377 
3020378 
3020379 
3020380 
3020381 
3020382 
3020383 
3020384 
3020385 
3020386 
3020387 
3020388 
3020389 
3020390 
3020391 
3020392 
3020393 
3020394 
3020395 
3020396 
3020397 
3020398 
3020399 
3020400 
3020401 
3020402 
3020403 
3020404 
3020405 
3020406 
3020407 
3020408 
3020409 
3020410 
3020411 
3020412 
3020413 
3020414 
3020415 
3020416 
3020417 
3020418 
3020419 
3020420 
3020421 
3020422 
3020423 
3020424 
3020425 
3020426 
3020427 
3020428 
3020429 
3020430 
3020431 
3020432 
3020433 
3020434 
3020435 
3020436 
3020437 
3020438 
3020439 
3020440 
3020441 
3020442 
3020443 
3020444 
3020445 
3020446 
3020447 
3020448 
3020449 
3020450 
3020451 
3020452 
3020453 
3020454 
3020455 
3020456 
3020457 
3020458 
3020459 
3020460 
3020461 
3020462 
3020463 
3020464 
3020465 
3020466 
3020467 
3020468 
3020469 
3020470 
3020471 
3020472 
3020473 
3020474 
3020475 
3020476 
3020477 
3020478 
3020479 
3020480 
3020481 
3020482 
3020483 
3020484 
3020485 
3020486 
3020487 
3020488 
3020489 
3020490 
3020491 
3020492 
3020493 
3020494 
3020495 
3020496 
3020497 
3020498 
3020499 
3020500 
3020501 
3020502 
3020503 
3020504 
3020505 
3020506 
3020507 
3020508 
3020509 
3020510 
3020511 
3020512 
3020513 
3020514 
3020515 
3020516 
3020517 
3020518 
3020519 
3020520 
3020521 
3020522 
3020523 
3020524 
3020525 
3020526 
3020527 
3020528 
3020529 
3020530 
3020531 
3020532 
3020533 
3020534 
3020535 
3020536 
3020537 
3020538 
3020539 
3020540 
3020541 
3020542 
3020543 
3020544 
3020545 
3020546 
3020547 
3020548 
3020549 
3020550 
3020551 
3020552 
3020553 
3020554 
3020555 
3020556 
3020557 
3020558 
3020559 
3020560 
3020561 
3020562 
3020563 
3020564 
3020565 
3020566 
3020567 
3020568 
3020569 
3020570 
3020571 
3020572 
3020573 
3020574 
3020575 
3020576 
3020577 
3020578 
3020579 
3020580 
3020581 
3020582 
3020583 
3020584 
3020585 
3020586 
3020587 
3020588 
3020589 
3020590 
3020591 
3020592 
3020593 
3020594 
3020595 
3020596 
3020597 
3020598 
3020599 
3020600 
3020601 
3020602 
3020603 
3020604 
3020605 
3020606 
3020607 
3020608 
3020609 
3020610 
3020611 
3020612 
3020613 
3020614 
3020615 
3020616 
3020617 
3020618 
3020619 
3020620 
3020621 
3020622 
3020623 
3020624 
3020625 
3020626 
3020627 
3020628 
3020629 
3020630 
3020631 
3020632 
3020633 
3020634 
3020635 
3020636 
3020637 
3020638 
3020639 
3020640 
3020641 
3020642 
3020643 
3020644 
3020645 
3020646 
3020647 
3020648 
3020649 
3020650 
3020651 
3020652 
3020653 
3020654 
3020655 
3020656 
3020657 
3020658 
3020659 
3020660 
3020661 
3020662 
3020663 
3020664 
3020665 
3020666 
3020667 
3020668 
3020669 
3020670 
3020671 
3020672 
3020673 
3020674 
3020675 
3020676 
3020677 
3020678 
3020679 
3020680 
3020681 
3020682 
3020683 
3020684 
3020685 
3020686 
3020687 
3020688 
3020689 
3020690 
3020691 
3020692 
3020693 
3020694 
3020695 
3020696 
3020697 
3020698 
3020699 
3020700 
3020701 
3020702 
3020703 
3020704 
3020705 
3020706 
3020707 
3020708 
3020709 
3020710 
3020711 
3020712 
3020713 
3020714 
3020715 
3020716 
3020717 
3020718 
3020719 
3020720 
3020721 
3020722 
3020723 
3020724 
3020725 
3020726 
3020727 
3020728 
3020729 
3020730 
3020731 
3020732 
3020733 
3020734 
3020735 
3020736 
3020737 
3020738 
3020739 
3020740 
3020741 
3020742 
3020743 
3020744 
3020745 
3020746 
3020747 
3020748 
3020749 
3020750 
3020751 
3020752 
3020753 
3020754 
3020755 
3020756 
3020757 
3020758 
3020759 
3020760 
3020761 
3020762 
3020763 
3020764 
3020765 
3020766 
3020767 
3020768 
3020769 
3020770 
3020771 
3020772 
3020773 
3020774 
3020775 
3020776 
3020777 
3020778 
3020779 
3020780 
3020781 
3020782 
3020783 
3020784 
3020785 
3020786 
3020787 
3020788 
3020789 
3020790 
3020791 
3020792 
3020793 
3020794 
3020795 
3020796 
3020797 
3020798 
3020799 
3020800 
3020801 
3020802 
3020803 
3020804 
3020805 
3020806 
3020807 
3020808 
3020809 
3020810 
3020811 
3020812 
3020813 
3020814 
3020815 
3020816 
3020817 
3020818 
3020819 
3020820 
3020821 
3020822 
3020823 
3020824 
3020825 
3020826 
3020827 
3020828 
3020829 
3020830 
3020831 
3020832 
3020833 
3020834 
3020835 
3020836 
3020837 
3020838 
3020839 
3020840 
3020841 
3020842 
3020843 
3020844 
3020845 
3020846 
3020847 
3020848 
3020849 
3020850 
3020851 
3020852 
3020853 
3020854 
3020855 
3020856 
3020857 
3020858 
3020859 
3020860 
3020861 
3020862 
3020863 
3020864 
3020865 
3020866 
3020867 
3020868 
3020869 
3020870 
3020871 
3020872 
3020873 
3020874 
3020875 
3020876 
3020877 
3020878 
3020879 
3020880 
3020881 
3020882 
3020883 
3020884 
3020885 
3020886 
3020887 
3020888 
3020889 
3020890 
3020891 
3020892 
3020893 
3020894 
3020895 
3020896 
3020897 
3020898 
3020899 
3020900 
3020901 
3020902 
3020903 
3020904 
3020905 
3020906 
3020907 
3020908 
3020909 
3020910 
3020911 
3020912 
3020913 
3020914 
3020915 
3020916 
3020917 
3020918 
3020919 
3020920 
3020921 
3020922 
3020923 
3020924 
3020925 
3020926 
3020927 
3020928 
3020929 
3020930 
3020931 
3020932 
3020933 
3020934 
3020935 
3020936 
3020937 
3020938 
3020939 
3020940 
3020941 
3020942 
3020943 
3020944 
3020945 
3020946 
3020947 
3020948 
3020949 
3020950 
3020951 
3020952 
3020953 
3020954 
3020955 
3020956 
3020957 
3020958 
3020959 
3020960 
3020961 
3020962 
3020963 
3020964 
3020965 
3020966 
3020967 
3020968 
3020969 
3020970 
3020971 
3020972 
3020973 
3020974 
3020975 
3020976 
3020977 
3020978 
3020979 
3020980 
3020981 
3020982 
3020983 
3020984 
3020985 
3020986 
3020987 
3020988 
3020989 
3020990 
3020991 
3020992 
3020993 
3020994 
3020995 
3020996 
3020997 
3020998 
3020999 
3021000 
3021001 
3021002 
3021003 
3021004 
3021005 
3021006 
3021007 
3021008 
3021009 
3021010 
3021011 
3021012 
3021013 
3021014 
3021015 
3021016 
3021017 
3021018 
3021019 
3021020 
3021021 
3021022 
3021023 
3021024 
3021025 
3021026 
3021027 
3021028 
3021029 
3021030 
3021031 
3021032 
3021033 
3021034 
3021035 
3021036 
3021037 
3021038 
3021039 
3021040 
3021041 
3021042 
3021043 
3021044 
3021045 
3021046 
3021047 
3021048 
3021049 
3021050 
3021051 
3021052 
3021053 
3021054 
3021055 
3021056 
3021057 
3021058 
3021059 
3021060 
3021061 
3021062 
3021063 
3021064 
3021065 
3021066 
3021067 
3021068 
3021069 
3021070 
3021071 
3021072 
3021073 
3021074 
3021075 
3021076 
3021077 
3021078 
3021079 
3021080 
3021081 
3021082 
3021083 
3021084 
3021085 
3021086 
3021087 
3021088 
3021089 
3021090 
3021091 
3021092 
3021093 
3021094 
3021095 
3021096 
3021097 
3021098 
3021099 
3021100 
3021101 
3021102 
3021103 
3021104 
3021105 
3021106 
3021107 
3021108 
3021109 
3021110 
3021111 
3021112 
3021113 
3021114 
3021115 
3021116 
3021117 
3021118 
3021119 
3021120 
3021121 
3021122 
3021123 
3021124 
3021125 
3021126 
3021127 
3021128 
3021129 
3021130 
3021131 
3021132 
3021133 
3021134 
3021135 
3021136 
3021137 
3021138 
3021139 
3021140 
3021141 
3021142 
3021143 
3021144 
3021145 
3021146 
3021147 
3021148 
3021149 
3021150 
3021151 
3021152 
3021153 
3021154 
3021155 
3021156 
3021157 
3021158 
3021159 
3021160 
3021161 
3021162 
3021163 
3021164 
3021165 
3021166 
3021167 
3021168 
3021169 
3021170 
3021171 
3021172 
3021173 
3021174 
3021175 
3021176 
3021177 
3021178 
3021179 
3021180 
3021181 
3021182 
3021183 
3021184 
3021185 
3021186 
3021187 
3021188 
3021189 
3021190 
3021191 
3021192 
3021193 
3021194 
3021195 
3021196 
3021197 
3021198 
3021199 
3021200 
3021201 
3021202 
3021203 
3021204 
3021205 
3021206 
3021207 
3021208 
3021209 
3021210 
3021211 
3021212 
3021213 
3021214 
3021215 
3021216 
3021217 
3021218 
3021219 
3021220 
3021221 
3021222 
3021223 
3021224 
3021225 
3021226 
3021227 
3021228 
3021229 
3021230 
3021231 
3021232 
3021233 
3021234 
3021235 
3021236 
3021237 
3021238 
3021239 
3021240 
3021241 
3021242 
3021243 
3021244 
3021245 
3021246 
3021247 
3021248 
3021249 
3021250 
3021251 
3021252 
3021253 
3021254 
3021255 
3021256 
3021257 
3021258 
3021259 
3021260 
3021261 
3021262 
3021263 
3021264 
3021265 
3021266 
3021267 
3021268 
3021269 
3021270 
3021271 
3021272 
3021273 
3021274 
3021275 
3021276 
3021277 
3021278 
3021279 
3021280 
3021281 
3021282 
3021283 
3021284 
3021285 
3021286 
3021287 
3021288 
3021289 
3021290 
3021291 
3021292 
3021293 
3021294 
3021295 
3021296 
3021297 
3021298 
3021299 
3021300 
3021301 
3021302 
3021303 
3021304 
3021305 
3021306 
3021307 
3021308 
3021309 
3021310 
3021311 
3021312 
3021313 
3021314 
3021315 
3021316 
3021317 
3021318 
3021319 
3021320 
3021321 
3021322 
3021323 
3021324 
3021325 
3021326 
3021327 
3021328 
3021329 
3021330 
3021331 
3021332 
3021333 
3021334 
3021335 
3021336 
3021337 
3021338 
3021339 
3021340 
3021341 
3021342 
3021343 
3021344 
3021345 
3021346 
3021347 
3021348 
3021349 
3021350 
3021351 
3021352 
3021353 
3021354 
3021355 
3021356 
3021357 
3021358 
3021359 
3021360 
3021361 
3021362 
3021363 
3021364 
3021365 
3021366 
3021367 
3021368 
3021369 
3021370 
3021371 
3021372 
3021373 
3021374 
3021375 
3021376 
3021377 
3021378 
3021379 
3021380 
3021381 
3021382 
3021383 
3021384 
3021385 
3021386 
3021387 
3021388 
3021389 
3021390 
3021391 
3021392 
3021393 
3021394 
3021395 
3021396 
3021397 
3021398 
3021399 
3021400 
3021401 
3021402 
3021403 
3021404 
3021405 
3021406 
3021407 
3021408 
3021409 
3021410 
3021411 
3021412 
3021413 
3021414 
3021415 
3021416 
3021417 
3021418 
3021419 
3021420 
3021421 
3021422 
3021423 
3021424 
3021425 
3021426 
3021427 
3021428 
3021429 
3021430 
3021431 
3021432 
3021433 
3021434 
3021435 
3021436 
3021437 
3021438 
3021439 
3021440 
3021441 
3021442 
3021443 
3021444 
3021445 
3021446 
3021447 
3021448 
3021449 
3021450 
3021451 
3021452 
3021453 
3021454 
3021455 
3021456 
3021457 
3021458 
3021459 
3021460 
3021461 
3021462 
3021463 
3021464 
3021465 
3021466 
3021467 
3021468 
3021469 
3021470 
3021471 
3021472 
3021473 
3021474 
3021475 
3021476 
3021477 
3021478 
3021479 
3021480 
3021481 
3021482 
3021483 
3021484 
3021485 
3021486 
3021487 
3021488 
3021489 
3021490 
3021491 
3021492 
3021493 
3021494 
3021495 
3021496 
3021497 
3021498 
3021499 
3021500 
3021501 
3021502 
3021503 
3021504 
3021505 
3021506 
3021507 
3021508 
3021509 
3021510 
3021511 
3021512 
3021513 
3021514 
3021515 
3021516 
3021517 
3021518 
3021519 
3021520 
3021521 
3021522 
3021523 
3021524 
3021525 
3021526 
3021527 
3021528 
3021529 
3021530 
3021531 
3021532 
3021533 
3021534 
3021535 
3021536 
3021537 
3021538 
3021539 
3021540 
3021541 
3021542 
3021543 
3021544 
3021545 
3021546 
3021547 
3021548 
3021549 
3021550 
3021551 
3021552 
3021553 
3021554 
3021555 
3021556 
3021557 
3021558 
3021559 
3021560 
3021561 
3021562 
3021563 
3021564 
3021565 
3021566 
3021567 
3021568 
3021569 
3021570 
3021571 
3021572 
3021573 
3021574 
3021575 
3021576 
3021577 
3021578 
3021579 
3021580 
3021581 
3021582 
3021583 
3021584 
3021585 
3021586 
3021587 
3021588 
3021589 
3021590 
3021591 
3021592 
3021593 
3021594 
3021595 
3021596 
3021597 
3021598 
3021599 
3021600 
3021601 
3021602 
3021603 
3021604 
3021605 
3021606 
3021607 
3021608 
3021609 
3021610 
3021611 
3021612 
3021613 
3021614 
3021615 
3021616 
3021617 
3021618 
3021619 
3021620 
3021621 
3021622 
3021623 
3021624 
3021625 
3021626 
3021627 
3021628 
3021629 
3021630 
3021631 
3021632 
3021633 
3021634 
3021635 
3021636 
3021637 
3021638 
3021639 
3021640 
3021641 
3021642 
3021643 
3021644 
3021645 
3021646 
3021647 
3021648 
3021649 
3021650 
3021651 
3021652 
3021653 
3021654 
3021655 
3021656 
3021657 
3021658 
3021659 
3021660 
3021661 
3021662 
3021663 
3021664 
3021665 
3021666 
3021667 
3021668 
3021669 
3021670 
3021671 
3021672 
3021673 
3021674 
3021675 
3021676 
3021677 
3021678 
3021679 
3021680 
3021681 
3021682 
3021683 
3021684 
3021685 
3021686 
3021687 
3021688 
3021689 
3021690 
3021691 
3021692 
3021693 
3021694 
3021695 
3021696 
3021697 
3021698 
3021699 
3021700 
3021701 
3021702 
3021703 
3021704 
3021705 
3021706 
3021707 
3021708 
3021709 
3021710 
3021711 
3021712 
3021713 
3021714 
3021715 
3021716 
3021717 
3021718 
3021719 
3021720 
3021721 
3021722 
3021723 
3021724 
3021725 
3021726 
3021727 
3021728 
3021729 
3021730 
3021731 
3021732 
3021733 
3021734 
3021735 
3021736 
3021737 
3021738 
3021739 
3021740 
3021741 
3021742 
3021743 
3021744 
3021745 
3021746 
3021747 
3021748 
3021749 
3021750 
3021751 
3021752 
3021753 
3021754 
3021755 
3021756 
3021757 
3021758 
3021759 
3021760 
3021761 
3021762 
3021763 
3021764 
3021765 
3021766 
3021767 
3021768 
3021769 
3021770 
3021771 
3021772 
3021773 
3021774 
3021775 
3021776 
3021777 
3021778 
3021779 
3021780 
3021781 
3021782 
3021783 
3021784 
3021785 
3021786 
3021787 
3021788 
3021789 
3021790 
3021791 
3021792 
3021793 
3021794 
3021795 
3021796 
3021797 
3021798 
3021799 
3021800 
3021801 
3021802 
3021803 
3021804 
3021805 
3021806 
3021807 
3021808 
3021809 
3021810 
3021811 
3021812 
3021813 
3021814 
3021815 
3021816 
3021817 
3021818 
3021819 
3021820 
3021821 
3021822 
3021823 
3021824 
3021825 
3021826 
3021827 
3021828 
3021829 
3021830 
3021831 
3021832 
3021833 
3021834 
3021835 
3021836 
3021837 
3021838 
3021839 
3021840 
3021841 
3021842 
3021843 
3021844 
3021845 
3021846 
3021847 
3021848 
3021849 
3021850 
3021851 
3021852 
3021853 
3021854 
3021855 
3021856 
3021857 
3021858 
3021859 
3021860 
3021861 
3021862 
3021863 
3021864 
3021865 
3021866 
3021867 
3021868 
3021869 
3021870 
3021871 
3021872 
3021873 
3021874 
3021875 
3021876 
3021877 
3021878 
3021879 
3021880 
3021881 
3021882 
3021883 
3021884 
3021885 
3021886 
3021887 
3021888 
3021889 
3021890 
3021891 
3021892 
3021893 
3021894 
3021895 
3021896 
3021897 
3021898 
3021899 
3021900 
3021901 
3021902 
3021903 
3021904 
3021905 
3021906 
3021907 
3021908 
3021909 
3021910 
3021911 
3021912 
3021913 
3021914 
3021915 
3021916 
3021917 
3021918 
3021919 
3021920 
3021921 
3021922 
3021923 
3021924 
3021925 
3021926 
3021927 
3021928 
3021929 
3021930 
3021931 
3021932 
3021933 
3021934 
3021935 
3021936 
3021937 
3021938 
3021939 
3021940 
3021941 
3021942 
3021943 
3021944 
3021945 
3021946 
3021947 
3021948 
3021949 
3021950 
3021951 
3021952 
3021953 
3021954 
3021955 
3021956 
3021957 
3021958 
3021959 
3021960 
3021961 
3021962 
3021963 
3021964 
3021965 
3021966 
3021967 
3021968 
3021969 
3021970 
3021971 
3021972 
3021973 
3021974 
3021975 
3021976 
3021977 
3021978 
3021979 
3021980 
3021981 
3021982 
3021983 
3021984 
3021985 
3021986 
3021987 
3021988 
3021989 
3021990 
3021991 
3021992 
3021993 
3021994 
3021995 
3021996 
3021997 
3021998 
3021999 
3022000 
3022001 
3022002 
3022003 
3022004 
3022005 
3022006 
3022007 
3022008 
3022009 
3022010 
3022011 
3022012 
3022013 
3022014 
3022015 
3022016 
3022017 
3022018 
3022019 
3022020 
3022021 
3022022 
3022023 
3022024 
3022025 
3022026 
3022027 
3022028 
3022029 
3022030 
3022031 
3022032 
3022033 
3022034 
3022035 
3022036 
3022037 
3022038 
3022039 
3022040 
3022041 
3022042 
3022043 
3022044 
3022045 
3022046 
3022047 
3022048 
3022049 
3022050 
3022051 
3022052 
3022053 
3022054 
3022055 
3022056 
3022057 
3022058 
3022059 
3022060 
3022061 
3022062 
3022063 
3022064 
3022065 
3022066 
3022067 
3022068 
3022069 
3022070 
3022071 
3022072 
3022073 
3022074 
3022075 
3022076 
3022077 
3022078 
3022079 
3022080 
3022081 
3022082 
3022083 
3022084 
3022085 
3022086 
3022087 
3022088 
3022089 
3022090 
3022091 
3022092 
3022093 
3022094 
3022095 
3022096 
3022097 
3022098 
3022099 
3022100 
3022101 
3022102 
3022103 
3022104 
3022105 
3022106 
3022107 
3022108 
3022109 
3022110 
3022111 
3022112 
3022113 
3022114 
3022115 
3022116 
3022117 
3022118 
3022119 
3022120 
3022121 
3022122 
3022123 
3022124 
3022125 
3022126 
3022127 
3022128 
3022129 
3022130 
3022131 
3022132 
3022133 
3022134 
3022135 
3022136 
3022137 
3022138 
3022139 
3022140 
3022141 
3022142 
3022143 
3022144 
3022145 
3022146 
3022147 
3022148 
3022149 
3022150 
3022151 
3022152 
3022153 
3022154 
3022155 
3022156 
3022157 
3022158 
3022159 
3022160 
3022161 
3022162 
3022163 
3022164 
3022165 
3022166 
3022167 
3022168 
3022169 
3022170 
3022171 
3022172 
3022173 
3022174 
3022175 
3022176 
3022177 
3022178 
3022179 
3022180 
3022181 
3022182 
3022183 
3022184 
3022185 
3022186 
3022187 
3022188 
3022189 
3022190 
3022191 
3022192 
3022193 
3022194 
3022195 
3022196 
3022197 
3022198 
3022199 
3022200 
3022201 
3022202 
3022203 
3022204 
3022205 
3022206 
3022207 
3022208 
3022209 
3022210 
3022211 
3022212 
3022213 
3022214 
3022215 
3022216 
3022217 
3022218 
3022219 
3022220 
3022221 
3022222 
3022223 
3022224 
3022225 
3022226 
3022227 
3022228 
3022229 
3022230 
3022231 
3022232 
3022233 
3022234 
3022235 
3022236 
3022237 
3022238 
3022239 
3022240 
3022241 
3022242 
3022243 
3022244 
3022245 
3022246 
3022247 
3022248 
3022249 
3022250 
3022251 
3022252 
3022253 
3022254 
3022255 
3022256 
3022257 
3022258 
3022259 
3022260 
3022261 
3022262 
3022263 
3022264 
3022265 
3022266 
3022267 
3022268 
3022269 
3022270 
3022271 
3022272 
3022273 
3022274 
3022275 
3022276 
3022277 
3022278 
3022279 
3022280 
3022281 
3022282 
3022283 
3022284 
3022285 
3022286 
3022287 
3022288 
3022289 
3022290 
3022291 
3022292 
3022293 
3022294 
3022295 
3022296 
3022297 
3022298 
3022299 
3022300 
3022301 
3022302 
3022303 
3022304 
3022305 
3022306 
3022307 
3022308 
3022309 
3022310 
3022311 
3022312 
3022313 
3022314 
3022315 
3022316 
3022317 
3022318 
3022319 
3022320 
3022321 
3022322 
3022323 
3022324 
3022325 
3022326 
3022327 
3022328 
3022329 
3022330 
3022331 
3022332 
3022333 
3022334 
3022335 
3022336 
3022337 
3022338 
3022339 
3022340 
3022341 
3022342 
3022343 
3022344 
3022345 
3022346 
3022347 
3022348 
3022349 
3022350 
3022351 
3022352 
3022353 
3022354 
3022355 
3022356 
3022357 
3022358 
3022359 
3022360 
3022361 
3022362 
3022363 
3022364 
3022365 
3022366 
3022367 
3022368 
3022369 
3022370 
3022371 
3022372 
3022373 
3022374 
3022375 
3022376 
3022377 
3022378 
3022379 
3022380 
3022381 
3022382 
3022383 
3022384 
3022385 
3022386 
3022387 
3022388 
3022389 
3022390 
3022391 
3022392 
3022393 
3022394 
3022395 
3022396 
3022397 
3022398 
3022399 
3022400 
3022401 
3022402 
3022403 
3022404 
3022405 
3022406 
3022407 
3022408 
3022409 
3022410 
3022411 
3022412 
3022413 
3022414 
3022415 
3022416 
3022417 
3022418 
3022419 
3022420 
3022421 
3022422 
3022423 
3022424 
3022425 
3022426 
3022427 
3022428 
3022429 
3022430 
3022431 
3022432 
3022433 
3022434 
3022435 
3022436 
3022437 
3022438 
3022439 
3022440 
3022441 
3022442 
3022443 
3022444 
3022445 
3022446 
3022447 
3022448 
3022449 
3022450 
3022451 
3022452 
3022453 
3022454 
3022455 
3022456 
3022457 
3022458 
3022459 
3022460 
3022461 
3022462 
3022463 
3022464 
3022465 
3022466 
3022467 
3022468 
3022469 
3022470 
3022471 
3022472 
3022473 
3022474 
3022475 
3022476 
3022477 
3022478 
3022479 
3022480 
3022481 
3022482 
3022483 
3022484 
3022485 
3022486 
3022487 
3022488 
3022489 
3022490 
3022491 
3022492 
3022493 
3022494 
3022495 
3022496 
3022497 
3022498 
3022499 
3022500 
3022501 
3022502 
3022503 
3022504 
3022505 
3022506 
3022507 
3022508 
3022509 
3022510 
3022511 
3022512 
3022513 
3022514 
3022515 
3022516 
3022517 
3022518 
3022519 
3022520 
3022521 
3022522 
3022523 
3022524 
3022525 
3022526 
3022527 
3022528 
3022529 
3022530 
3022531 
3022532 
3022533 
3022534 
3022535 
3022536 
3022537 
3022538 
3022539 
3022540 
3022541 
3022542 
3022543 
3022544 
3022545 
3022546 
3022547 
3022548 
3022549 
3022550 
3022551 
3022552 
3022553 
3022554 
3022555 
3022556 
3022557 
3022558 
3022559 
3022560 
3022561 
3022562 
3022563 
3022564 
3022565 
3022566 
3022567 
3022568 
3022569 
3022570 
3022571 
3022572 
3022573 
3022574 
3022575 
3022576 
3022577 
3022578 
3022579 
3022580 
3022581 
3022582 
3022583 
3022584 
3022585 
3022586 
3022587 
3022588 
3022589 
3022590 
3022591 
3022592 
3022593 
3022594 
3022595 
3022596 
3022597 
3022598 
3022599 
3022600 
3022601 
3022602 
3022603 
3022604 
3022605 
3022606 
3022607 
3022608 
3022609 
3022610 
3022611 
3022612 
3022613 
3022614 
3022615 
3022616 
3022617 
3022618 
3022619 
3022620 
3022621 
3022622 
3022623 
3022624 
3022625 
3022626 
3022627 
3022628 
3022629 
3022630 
3022631 
3022632 
3022633 
3022634 
3022635 
3022636 
3022637 
3022638 
3022639 
3022640 
3022641 
3022642 
3022643 
3022644 
3022645 
3022646 
3022647 
3022648 
3022649 
3022650 
3022651 
3022652 
3022653 
3022654 
3022655 
3022656 
3022657 
3022658 
3022659 
3022660 
3022661 
3022662 
3022663 
3022664 
3022665 
3022666 
3022667 
3022668 
3022669 
3022670 
3022671 
3022672 
3022673 
3022674 
3022675 
3022676 
3022677 
3022678 
3022679 
3022680 
3022681 
3022682 
3022683 
3022684 
3022685 
3022686 
3022687 
3022688 
3022689 
3022690 
3022691 
3022692 
3022693 
3022694 
3022695 
3022696 
3022697 
3022698 
3022699 
3022700 
3022701 
3022702 
3022703 
3022704 
3022705 
3022706 
3022707 
3022708 
3022709 
3022710 
3022711 
3022712 
3022713 
3022714 
3022715 
3022716 
3022717 
3022718 
3022719 
3022720 
3022721 
3022722 
3022723 
3022724 
3022725 
3022726 
3022727 
3022728 
3022729 
3022730 
3022731 
3022732 
3022733 
3022734 
3022735 
3022736 
3022737 
3022738 
3022739 
3022740 
3022741 
3022742 
3022743 
3022744 
3022745 
3022746 
3022747 
3022748 
3022749 
3022750 
3022751 
3022752 
3022753 
3022754 
3022755 
3022756 
3022757 
3022758 
3022759 
3022760 
3022761 
3022762 
3022763 
3022764 
3022765 
3022766 
3022767 
3022768 
3022769 
3022770 
3022771 
3022772 
3022773 
3022774 
3022775 
3022776 
3022777 
3022778 
3022779 
3022780 
3022781 
3022782 
3022783 
3022784 
3022785 
3022786 
3022787 
3022788 
3022789 
3022790 
3022791 
3022792 
3022793 
3022794 
3022795 
3022796 
3022797 
3022798 
3022799 
3022800 
3022801 
3022802 
3022803 
3022804 
3022805 
3022806 
3022807 
3022808 
3022809 
3022810 
3022811 
3022812 
3022813 
3022814 
3022815 
3022816 
3022817 
3022818 
3022819 
3022820 
3022821 
3022822 
3022823 
3022824 
3022825 
3022826 
3022827 
3022828 
3022829 
3022830 
3022831 
3022832 
3022833 
3022834 
3022835 
3022836 
3022837 
3022838 
3022839 
3022840 
3022841 
3022842 
3022843 
3022844 
3022845 
3022846 
3022847 
3022848 
3022849 
3022850 
3022851 
3022852 
3022853 
3022854 
3022855 
3022856 
3022857 
3022858 
3022859 
3022860 
3022861 
3022862 
3022863 
3022864 
3022865 
3022866 
3022867 
3022868 
3022869 
3022870 
3022871 
3022872 
3022873 
3022874 
3022875 
3022876 
3022877 
3022878 
3022879 
3022880 
3022881 
3022882 
3022883 
3022884 
3022885 
3022886 
3022887 
3022888 
3022889 
3022890 
3022891 
3022892 
3022893 
3022894 
3022895 
3022896 
3022897 
3022898 
3022899 
3022900 
3022901 
3022902 
3022903 
3022904 
3022905 
3022906 
3022907 
3022908 
3022909 
3022910 
3022911 
3022912 
3022913 
3022914 
3022915 
3022916 
3022917 
3022918 
3022919 
3022920 
3022921 
3022922 
3022923 
3022924 
3022925 
3022926 
3022927 
3022928 
3022929 
3022930 
3022931 
3022932 
3022933 
3022934 
3022935 
3022936 
3022937 
3022938 
3022939 
3022940 
3022941 
3022942 
3022943 
3022944 
3022945 
3022946 
3022947 
3022948 
3022949 
3022950 
3022951 
3022952 
3022953 
3022954 
3022955 
3022956 
3022957 
3022958 
3022959 
3022960 
3022961 
3022962 
3022963 
3022964 
3022965 
3022966 
3022967 
3022968 
3022969 
3022970 
3022971 
3022972 
3022973 
3022974 
3022975 
3022976 
3022977 
3022978 
3022979 
3022980 
3022981 
3022982 
3022983 
3022984 
3022985 
3022986 
3022987 
3022988 
3022989 
3022990 
3022991 
3022992 
3022993 
3022994 
3022995 
3022996 
3022997 
3022998 
3022999 
3023000 
3023001 
3023002 
3023003 
3023004 
3023005 
3023006 
3023007 
3023008 
3023009 
3023010 
3023011 
3023012 
3023013 
3023014 
3023015 
3023016 
3023017 
3023018 
3023019 
3023020 
3023021 
3023022 
3023023 
3023024 
3023025 
3023026 
3023027 
3023028 
3023029 
3023030 
3023031 
3023032 
3023033 
3023034 
3023035 
3023036 
3023037 
3023038 
3023039 
3023040 
3023041 
3023042 
3023043 
3023044 
3023045 
3023046 
3023047 
3023048 
3023049 
3023050 
3023051 
3023052 
3023053 
3023054 
3023055 
3023056 
3023057 
3023058 
3023059 
3023060 
3023061 
3023062 
3023063 
3023064 
3023065 
3023066 
3023067 
3023068 
3023069 
3023070 
3023071 
3023072 
3023073 
3023074 
3023075 
3023076 
3023077 
3023078 
3023079 
3023080 
3023081 
3023082 
3023083 
3023084 
3023085 
3023086 
3023087 
3023088 
3023089 
3023090 
3023091 
3023092 
3023093 
3023094 
3023095 
3023096 
3023097 
3023098 
3023099 
3023100 
3023101 
3023102 
3023103 
3023104 
3023105 
3023106 
3023107 
3023108 
3023109 
3023110 
3023111 
3023112 
3023113 
3023114 
3023115 
3023116 
3023117 
3023118 
3023119 
3023120 
3023121 
3023122 
3023123 
3023124 
3023125 
3023126 
3023127 
3023128 
3023129 
3023130 
3023131 
3023132 
3023133 
3023134 
3023135 
3023136 
3023137 
3023138 
3023139 
3023140 
3023141 
3023142 
3023143 
3023144 
3023145 
3023146 
3023147 
3023148 
3023149 
3023150 
3023151 
3023152 
3023153 
3023154 
3023155 
3023156 
3023157 
3023158 
3023159 
3023160 
3023161 
3023162 
3023163 
3023164 
3023165 
3023166 
3023167 
3023168 
3023169 
3023170 
3023171 
3023172 
3023173 
3023174 
3023175 
3023176 
3023177 
3023178 
3023179 
3023180 
3023181 
3023182 
3023183 
3023184 
3023185 
3023186 
3023187 
3023188 
3023189 
3023190 
3023191 
3023192 
3023193 
3023194 
3023195 
3023196 
3023197 
3023198 
3023199 
3023200 
3023201 
3023202 
3023203 
3023204 
3023205 
3023206 
3023207 
3023208 
3023209 
3023210 
3023211 
3023212 
3023213 
3023214 
3023215 
3023216 
3023217 
3023218 
3023219 
3023220 
3023221 
3023222 
3023223 
3023224 
3023225 
3023226 
3023227 
3023228 
3023229 
3023230 
3023231 
3023232 
3023233 
3023234 
3023235 
3023236 
3023237 
3023238 
3023239 
3023240 
3023241 
3023242 
3023243 
3023244 
3023245 
3023246 
3023247 
3023248 
3023249 
3023250 
3023251 
3023252 
3023253 
3023254 
3023255 
3023256 
3023257 
3023258 
3023259 
3023260 
3023261 
3023262 
3023263 
3023264 
3023265 
3023266 
3023267 
3023268 
3023269 
3023270 
3023271 
3023272 
3023273 
3023274 
3023275 
3023276 
3023277 
3023278 
3023279 
3023280 
3023281 
3023282 
3023283 
3023284 
3023285 
3023286 
3023287 
3023288 
3023289 
3023290 
3023291 
3023292 
3023293 
3023294 
3023295 
3023296 
3023297 
3023298 
3023299 
3023300 
3023301 
3023302 
3023303 
3023304 
3023305 
3023306 
3023307 
3023308 
3023309 
3023310 
3023311 
3023312 
3023313 
3023314 
3023315 
3023316 
3023317 
3023318 
3023319 
3023320 
3023321 
3023322 
3023323 
3023324 
3023325 
3023326 
3023327 
3023328 
3023329 
3023330 
3023331 
3023332 
3023333 
3023334 
3023335 
3023336 
3023337 
3023338 
3023339 
3023340 
3023341 
3023342 
3023343 
3023344 
3023345 
3023346 
3023347 
3023348 
3023349 
3023350 
3023351 
3023352 
3023353 
3023354 
3023355 
3023356 
3023357 
3023358 
3023359 
3023360 
3023361 
3023362 
3023363 
3023364 
3023365 
3023366 
3023367 
3023368 
3023369 
3023370 
3023371 
3023372 
3023373 
3023374 
3023375 
3023376 
3023377 
3023378 
3023379 
3023380 
3023381 
3023382 
3023383 
3023384 
3023385 
3023386 
3023387 
3023388 
3023389 
3023390 
3023391 
3023392 
3023393 
3023394 
3023395 
3023396 
3023397 
3023398 
3023399 
3023400 
3023401 
3023402 
3023403 
3023404 
3023405 
3023406 
3023407 
3023408 
3023409 
3023410 
3023411 
3023412 
3023413 
3023414 
3023415 
3023416 
3023417 
3023418 
3023419 
3023420 
3023421 
3023422 
3023423 
3023424 
3023425 
3023426 
3023427 
3023428 
3023429 
3023430 
3023431 
3023432 
3023433 
3023434 
3023435 
3023436 
3023437 
3023438 
3023439 
3023440 
3023441 
3023442 
3023443 
3023444 
3023445 
3023446 
3023447 
3023448 
3023449 
3023450 
3023451 
3023452 
3023453 
3023454 
3023455 
3023456 
3023457 
3023458 
3023459 
3023460 
3023461 
3023462 
3023463 
3023464 
3023465 
3023466 
3023467 
3023468 
3023469 
3023470 
3023471 
3023472 
3023473 
3023474 
3023475 
3023476 
3023477 
3023478 
3023479 
3023480 
3023481 
3023482 
3023483 
3023484 
3023485 
3023486 
3023487 
3023488 
3023489 
3023490 
3023491 
3023492 
3023493 
3023494 
3023495 
3023496 
3023497 
3023498 
3023499 
3023500 
3023501 
3023502 
3023503 
3023504 
3023505 
3023506 
3023507 
3023508 
3023509 
3023510 
3023511 
3023512 
3023513 
3023514 
3023515 
3023516 
3023517 
3023518 
3023519 
3023520 
3023521 
3023522 
3023523 
3023524 
3023525 
3023526 
3023527 
3023528 
3023529 
3023530 
3023531 
3023532 
3023533 
3023534 
3023535 
3023536 
3023537 
3023538 
3023539 
3023540 
3023541 
3023542 
3023543 
3023544 
3023545 
3023546 
3023547 
3023548 
3023549 
3023550 
3023551 
3023552 
3023553 
3023554 
3023555 
3023556 
3023557 
3023558 
3023559 
3023560 
3023561 
3023562 
3023563 
3023564 
3023565 
3023566 
3023567 
3023568 
3023569 
3023570 
3023571 
3023572 
3023573 
3023574 
3023575 
3023576 
3023577 
3023578 
3023579 
3023580 
3023581 
3023582 
3023583 
3023584 
3023585 
3023586 
3023587 
3023588 
3023589 
3023590 
3023591 
3023592 
3023593 
3023594 
3023595 
3023596 
3023597 
3023598 
3023599 
3023600 
3023601 
3023602 
3023603 
3023604 
3023605 
3023606 
3023607 
3023608 
3023609 
3023610 
3023611 
3023612 
3023613 
3023614 
3023615 
3023616 
3023617 
3023618 
3023619 
3023620 
3023621 
3023622 
3023623 
3023624 
3023625 
3023626 
3023627 
3023628 
3023629 
3023630 
3023631 
3023632 
3023633 
3023634 
3023635 
3023636 
3023637 
3023638 
3023639 
3023640 
3023641 
3023642 
3023643 
3023644 
3023645 
3023646 
3023647 
3023648 
3023649 
3023650 
3023651 
3023652 
3023653 
3023654 
3023655 
3023656 
3023657 
3023658 
3023659 
3023660 
3023661 
3023662 
3023663 
3023664 
3023665 
3023666 
3023667 
3023668 
3023669 
3023670 
3023671 
3023672 
3023673 
3023674 
3023675 
3023676 
3023677 
3023678 
3023679 
3023680 
3023681 
3023682 
3023683 
3023684 
3023685 
3023686 
3023687 
3023688 
3023689 
3023690 
3023691 
3023692 
3023693 
3023694 
3023695 
3023696 
3023697 
3023698 
3023699 
3023700 
3023701 
3023702 
3023703 
3023704 
3023705 
3023706 
3023707 
3023708 
3023709 
3023710 
3023711 
3023712 
3023713 
3023714 
3023715 
3023716 
3023717 
3023718 
3023719 
3023720 
3023721 
3023722 
3023723 
3023724 
3023725 
3023726 
3023727 
3023728 
3023729 
3023730 
3023731 
3023732 
3023733 
3023734 
3023735 
3023736 
3023737 
3023738 
3023739 
3023740 
3023741 
3023742 
3023743 
3023744 
3023745 
3023746 
3023747 
3023748 
3023749 
3023750 
3023751 
3023752 
3023753 
3023754 
3023755 
3023756 
3023757 
3023758 
3023759 
3023760 
3023761 
3023762 
3023763 
3023764 
3023765 
3023766 
3023767 
3023768 
3023769 
3023770 
3023771 
3023772 
3023773 
3023774 
3023775 
3023776 
3023777 
3023778 
3023779 
3023780 
3023781 
3023782 
3023783 
3023784 
3023785 
3023786 
3023787 
3023788 
3023789 
3023790 
3023791 
3023792 
3023793 
3023794 
3023795 
3023796 
3023797 
3023798 
3023799 
3023800 
3023801 
3023802 
3023803 
3023804 
3023805 
3023806 
3023807 
3023808 
3023809 
3023810 
3023811 
3023812 
3023813 
3023814 
3023815 
3023816 
3023817 
3023818 
3023819 
3023820 
3023821 
3023822 
3023823 
3023824 
3023825 
3023826 
3023827 
3023828 
3023829 
3023830 
3023831 
3023832 
3023833 
3023834 
3023835 
3023836 
3023837 
3023838 
3023839 
3023840 
3023841 
3023842 
3023843 
3023844 
3023845 
3023846 
3023847 
3023848 
3023849 
3023850 
3023851 
3023852 
3023853 
3023854 
3023855 
3023856 
3023857 
3023858 
3023859 
3023860 
3023861 
3023862 
3023863 
3023864 
3023865 
3023866 
3023867 
3023868 
3023869 
3023870 
3023871 
3023872 
3023873 
3023874 
3023875 
3023876 
3023877 
3023878 
3023879 
3023880 
3023881 
3023882 
3023883 
3023884 
3023885 
3023886 
3023887 
3023888 
3023889 
3023890 
3023891 
3023892 
3023893 
3023894 
3023895 
3023896 
3023897 
3023898 
3023899 
3023900 
3023901 
3023902 
3023903 
3023904 
3023905 
3023906 
3023907 
3023908 
3023909 
3023910 
3023911 
3023912 
3023913 
3023914 
3023915 
3023916 
3023917 
3023918 
3023919 
3023920 
3023921 
3023922 
3023923 
3023924 
3023925 
3023926 
3023927 
3023928 
3023929 
3023930 
3023931 
3023932 
3023933 
3023934 
3023935 
3023936 
3023937 
3023938 
3023939 
3023940 
3023941 
3023942 
3023943 
3023944 
3023945 
3023946 
3023947 
3023948 
3023949 
3023950 
3023951 
3023952 
3023953 
3023954 
3023955 
3023956 
3023957 
3023958 
3023959 
3023960 
3023961 
3023962 
3023963 
3023964 
3023965 
3023966 
3023967 
3023968 
3023969 
3023970 
3023971 
3023972 
3023973 
3023974 
3023975 
3023976 
3023977 
3023978 
3023979 
3023980 
3023981 
3023982 
3023983 
3023984 
3023985 
3023986 
3023987 
3023988 
3023989 
3023990 
3023991 
3023992 
3023993 
3023994 
3023995 
3023996 
3023997 
3023998 
3023999 
3024000 
3024001 
3024002 
3024003 
3024004 
3024005 
3024006 
3024007 
3024008 
3024009 
3024010 
3024011 
3024012 
3024013 
3024014 
3024015 
3024016 
3024017 
3024018 
3024019 
3024020 
3024021 
3024022 
3024023 
3024024 
3024025 
3024026 
3024027 
3024028 
3024029 
3024030 
3024031 
3024032 
3024033 
3024034 
3024035 
3024036 
3024037 
3024038 
3024039 
3024040 
3024041 
3024042 
3024043 
3024044 
3024045 
3024046 
3024047 
3024048 
3024049 
3024050 
3024051 
3024052 
3024053 
3024054 
3024055 
3024056 
3024057 
3024058 
3024059 
3024060 
3024061 
3024062 
3024063 
3024064 
3024065 
3024066 
3024067 
3024068 
3024069 
3024070 
3024071 
3024072 
3024073 
3024074 
3024075 
3024076 
3024077 
3024078 
3024079 
3024080 
3024081 
3024082 
3024083 
3024084 
3024085 
3024086 
3024087 
3024088 
3024089 
3024090 
3024091 
3024092 
3024093 
3024094 
3024095 
3024096 
3024097 
3024098 
3024099 
3024100 
3024101 
3024102 
3024103 
3024104 
3024105 
3024106 
3024107 
3024108 
3024109 
3024110 
3024111 
3024112 
3024113 
3024114 
3024115 
3024116 
3024117 
3024118 
3024119 
3024120 
3024121 
3024122 
3024123 
3024124 
3024125 
3024126 
3024127 
3024128 
3024129 
3024130 
3024131 
3024132 
3024133 
3024134 
3024135 
3024136 
3024137 
3024138 
3024139 
3024140 
3024141 
3024142 
3024143 
3024144 
3024145 
3024146 
3024147 
3024148 
3024149 
3024150 
3024151 
3024152 
3024153 
3024154 
3024155 
3024156 
3024157 
3024158 
3024159 
3024160 
3024161 
3024162 
3024163 
3024164 
3024165 
3024166 
3024167 
3024168 
3024169 
3024170 
3024171 
3024172 
3024173 
3024174 
3024175 
3024176 
3024177 
3024178 
3024179 
3024180 
3024181 
3024182 
3024183 
3024184 
3024185 
3024186 
3024187 
3024188 
3024189 
3024190 
3024191 
3024192 
3024193 
3024194 
3024195 
3024196 
3024197 
3024198 
3024199 
3024200 
3024201 
3024202 
3024203 
3024204 
3024205 
3024206 
3024207 
3024208 
3024209 
3024210 
3024211 
3024212 
3024213 
3024214 
3024215 
3024216 
3024217 
3024218 
3024219 
3024220 
3024221 
3024222 
3024223 
3024224 
3024225 
3024226 
3024227 
3024228 
3024229 
3024230 
3024231 
3024232 
3024233 
3024234 
3024235 
3024236 
3024237 
3024238 
3024239 
3024240 
3024241 
3024242 
3024243 
3024244 
3024245 
3024246 
3024247 
3024248 
3024249 
3024250 
3024251 
3024252 
3024253 
3024254 
3024255 
3024256 
3024257 
3024258 
3024259 
3024260 
3024261 
3024262 
3024263 
3024264 
3024265 
3024266 
3024267 
3024268 
3024269 
3024270 
3024271 
3024272 
3024273 
3024274 
3024275 
3024276 
3024277 
3024278 
3024279 
3024280 
3024281 
3024282 
3024283 
3024284 
3024285 
3024286 
3024287 
3024288 
3024289 
3024290 
3024291 
3024292 
3024293 
3024294 
3024295 
3024296 
3024297 
3024298 
3024299 
3024300 
3024301 
3024302 
3024303 
3024304 
3024305 
3024306 
3024307 
3024308 
3024309 
3024310 
3024311 
3024312 
3024313 
3024314 
3024315 
3024316 
3024317 
3024318 
3024319 
3024320 
3024321 
3024322 
3024323 
3024324 
3024325 
3024326 
3024327 
3024328 
3024329 
3024330 
3024331 
3024332 
3024333 
3024334 
3024335 
3024336 
3024337 
3024338 
3024339 
3024340 
3024341 
3024342 
3024343 
3024344 
3024345 
3024346 
3024347 
3024348 
3024349 
3024350 
3024351 
3024352 
3024353 
3024354 
3024355 
3024356 
3024357 
3024358 
3024359 
3024360 
3024361 
3024362 
3024363 
3024364 
3024365 
3024366 
3024367 
3024368 
3024369 
3024370 
3024371 
3024372 
3024373 
3024374 
3024375 
3024376 
3024377 
3024378 
3024379 
3024380 
3024381 
3024382 
3024383 
3024384 
3024385 
3024386 
3024387 
3024388 
3024389 
3024390 
3024391 
3024392 
3024393 
3024394 
3024395 
3024396 
3024397 
3024398 
3024399 
3024400 
3024401 
3024402 
3024403 
3024404 
3024405 
3024406 
3024407 
3024408 
3024409 
3024410 
3024411 
3024412 
3024413 
3024414 
3024415 
3024416 
3024417 
3024418 
3024419 
3024420 
3024421 
3024422 
3024423 
3024424 
3024425 
3024426 
3024427 
3024428 
3024429 
3024430 
3024431 
3024432 
3024433 
3024434 
3024435 
3024436 
3024437 
3024438 
3024439 
3024440 
3024441 
3024442 
3024443 
3024444 
3024445 
3024446 
3024447 
3024448 
3024449 
3024450 
3024451 
3024452 
3024453 
3024454 
3024455 
3024456 
3024457 
3024458 
3024459 
3024460 
3024461 
3024462 
3024463 
3024464 
3024465 
3024466 
3024467 
3024468 
3024469 
3024470 
3024471 
3024472 
3024473 
3024474 
3024475 
3024476 
3024477 
3024478 
3024479 
3024480 
3024481 
3024482 
3024483 
3024484 
3024485 
3024486 
3024487 
3024488 
3024489 
3024490 
3024491 
3024492 
3024493 
3024494 
3024495 
3024496 
3024497 
3024498 
3024499 
3024500 
3024501 
3024502 
3024503 
3024504 
3024505 
3024506 
3024507 
3024508 
3024509 
3024510 
3024511 
3024512 
3024513 
3024514 
3024515 
3024516 
3024517 
3024518 
3024519 
3024520 
3024521 
3024522 
3024523 
3024524 
3024525 
3024526 
3024527 
3024528 
3024529 
3024530 
3024531 
3024532 
3024533 
3024534 
3024535 
3024536 
3024537 
3024538 
3024539 
3024540 
3024541 
3024542 
3024543 
3024544 
3024545 
3024546 
3024547 
3024548 
3024549 
3024550 
3024551 
3024552 
3024553 
3024554 
3024555 
3024556 
3024557 
3024558 
3024559 
3024560 
3024561 
3024562 
3024563 
3024564 
3024565 
3024566 
3024567 
3024568 
3024569 
3024570 
3024571 
3024572 
3024573 
3024574 
3024575 
3024576 
3024577 
3024578 
3024579 
3024580 
3024581 
3024582 
3024583 
3024584 
3024585 
3024586 
3024587 
3024588 
3024589 
3024590 
3024591 
3024592 
3024593 
3024594 
3024595 
3024596 
3024597 
3024598 
3024599 
3024600 
3024601 
3024602 
3024603 
3024604 
3024605 
3024606 
3024607 
3024608 
3024609 
3024610 
3024611 
3024612 
3024613 
3024614 
3024615 
3024616 
3024617 
3024618 
3024619 
3024620 
3024621 
3024622 
3024623 
3024624 
3024625 
3024626 
3024627 
3024628 
3024629 
3024630 
3024631 
3024632 
3024633 
3024634 
3024635 
3024636 
3024637 
3024638 
3024639 
3024640 
3024641 
3024642 
3024643 
3024644 
3024645 
3024646 
3024647 
3024648 
3024649 
3024650 
3024651 
3024652 
3024653 
3024654 
3024655 
3024656 
3024657 
3024658 
3024659 
3024660 
3024661 
3024662 
3024663 
3024664 
3024665 
3024666 
3024667 
3024668 
3024669 
3024670 
3024671 
3024672 
3024673 
3024674 
3024675 
3024676 
3024677 
3024678 
3024679 
3024680 
3024681 
3024682 
3024683 
3024684 
3024685 
3024686 
3024687 
3024688 
3024689 
3024690 
3024691 
3024692 
3024693 
3024694 
3024695 
3024696 
3024697 
3024698 
3024699 
3024700 
3024701 
3024702 
3024703 
3024704 
3024705 
3024706 
3024707 
3024708 
3024709 
3024710 
3024711 
3024712 
3024713 
3024714 
3024715 
3024716 
3024717 
3024718 
3024719 
3024720 
3024721 
3024722 
3024723 
3024724 
3024725 
3024726 
3024727 
3024728 
3024729 
3024730 
3024731 
3024732 
3024733 
3024734 
3024735 
3024736 
3024737 
3024738 
3024739 
3024740 
3024741 
3024742 
3024743 
3024744 
3024745 
3024746 
3024747 
3024748 
3024749 
3024750 
3024751 
3024752 
3024753 
3024754 
3024755 
3024756 
3024757 
3024758 
3024759 
3024760 
3024761 
3024762 
3024763 
3024764 
3024765 
3024766 
3024767 
3024768 
3024769 
3024770 
3024771 
3024772 
3024773 
3024774 
3024775 
3024776 
3024777 
3024778 
3024779 
3024780 
3024781 
3024782 
3024783 
3024784 
3024785 
3024786 
3024787 
3024788 
3024789 
3024790 
3024791 
3024792 
3024793 
3024794 
3024795 
3024796 
3024797 
3024798 
3024799 
3024800 
3024801 
3024802 
3024803 
3024804 
3024805 
3024806 
3024807 
3024808 
3024809 
3024810 
3024811 
3024812 
3024813 
3024814 
3024815 
3024816 
3024817 
3024818 
3024819 
3024820 
3024821 
3024822 
3024823 
3024824 
3024825 
3024826 
3024827 
3024828 
3024829 
3024830 
3024831 
3024832 
3024833 
3024834 
3024835 
3024836 
3024837 
3024838 
3024839 
3024840 
3024841 
3024842 
3024843 
3024844 
3024845 
3024846 
3024847 
3024848 
3024849 
3024850 
3024851 
3024852 
3024853 
3024854 
3024855 
3024856 
3024857 
3024858 
3024859 
3024860 
3024861 
3024862 
3024863 
3024864 
3024865 
3024866 
3024867 
3024868 
3024869 
3024870 
3024871 
3024872 
3024873 
3024874 
3024875 
3024876 
3024877 
3024878 
3024879 
3024880 
3024881 
3024882 
3024883 
3024884 
3024885 
3024886 
3024887 
3024888 
3024889 
3024890 
3024891 
3024892 
3024893 
3024894 
3024895 
3024896 
3024897 
3024898 
3024899 
3024900 
3024901 
3024902 
3024903 
3024904 
3024905 
3024906 
3024907 
3024908 
3024909 
3024910 
3024911 
3024912 
3024913 
3024914 
3024915 
3024916 
3024917 
3024918 
3024919 
3024920 
3024921 
3024922 
3024923 
3024924 
3024925 
3024926 
3024927 
3024928 
3024929 
3024930 
3024931 
3024932 
3024933 
3024934 
3024935 
3024936 
3024937 
3024938 
3024939 
3024940 
3024941 
3024942 
3024943 
3024944 
3024945 
3024946 
3024947 
3024948 
3024949 
3024950 
3024951 
3024952 
3024953 
3024954 
3024955 
3024956 
3024957 
3024958 
3024959 
3024960 
3024961 
3024962 
3024963 
3024964 
3024965 
3024966 
3024967 
3024968 
3024969 
3024970 
3024971 
3024972 
3024973 
3024974 
3024975 
3024976 
3024977 
3024978 
3024979 
3024980 
3024981 
3024982 
3024983 
3024984 
3024985 
3024986 
3024987 
3024988 
3024989 
3024990 
3024991 
3024992 
3024993 
3024994 
3024995 
3024996 
3024997 
3024998 
3024999 
3025000 
3025001 
3025002 
3025003 
3025004 
3025005 
3025006 
3025007 
3025008 
3025009 
3025010 
3025011 
3025012 
3025013 
3025014 
3025015 
3025016 
3025017 
3025018 
3025019 
3025020 
3025021 
3025022 
3025023 
3025024 
3025025 
3025026 
3025027 
3025028 
3025029 
3025030 
3025031 
3025032 
3025033 
3025034 
3025035 
3025036 
3025037 
3025038 
3025039 
3025040 
3025041 
3025042 
3025043 
3025044 
3025045 
3025046 
3025047 
3025048 
3025049 
3025050 
3025051 
3025052 
3025053 
3025054 
3025055 
3025056 
3025057 
3025058 
3025059 
3025060 
3025061 
3025062 
3025063 
3025064 
3025065 
3025066 
3025067 
3025068 
3025069 
3025070 
3025071 
3025072 
3025073 
3025074 
3025075 
3025076 
3025077 
3025078 
3025079 
3025080 
3025081 
3025082 
3025083 
3025084 
3025085 
3025086 
3025087 
3025088 
3025089 
3025090 
3025091 
3025092 
3025093 
3025094 
3025095 
3025096 
3025097 
3025098 
3025099 
3025100 
3025101 
3025102 
3025103 
3025104 
3025105 
3025106 
3025107 
3025108 
3025109 
3025110 
3025111 
3025112 
3025113 
3025114 
3025115 
3025116 
3025117 
3025118 
3025119 
3025120 
3025121 
3025122 
3025123 
3025124 
3025125 
3025126 
3025127 
3025128 
3025129 
3025130 
3025131 
3025132 
3025133 
3025134 
3025135 
3025136 
3025137 
3025138 
3025139 
3025140 
3025141 
3025142 
3025143 
3025144 
3025145 
3025146 
3025147 
3025148 
3025149 
3025150 
3025151 
3025152 
3025153 
3025154 
3025155 
3025156 
3025157 
3025158 
3025159 
3025160 
3025161 
3025162 
3025163 
3025164 
3025165 
3025166 
3025167 
3025168 
3025169 
3025170 
3025171 
3025172 
3025173 
3025174 
3025175 
3025176 
3025177 
3025178 
3025179 
3025180 
3025181 
3025182 
3025183 
3025184 
3025185 
3025186 
3025187 
3025188 
3025189 
3025190 
3025191 
3025192 
3025193 
3025194 
3025195 
3025196 
3025197 
3025198 
3025199 
3025200 
3025201 
3025202 
3025203 
3025204 
3025205 
3025206 
3025207 
3025208 
3025209 
3025210 
3025211 
3025212 
3025213 
3025214 
3025215 
3025216 
3025217 
3025218 
3025219 
3025220 
3025221 
3025222 
3025223 
3025224 
3025225 
3025226 
3025227 
3025228 
3025229 
3025230 
3025231 
3025232 
3025233 
3025234 
3025235 
3025236 
3025237 
3025238 
3025239 
3025240 
3025241 
3025242 
3025243 
3025244 
3025245 
3025246 
3025247 
3025248 
3025249 
3025250 
3025251 
3025252 
3025253 
3025254 
3025255 
3025256 
3025257 
3025258 
3025259 
3025260 
3025261 
3025262 
3025263 
3025264 
3025265 
3025266 
3025267 
3025268 
3025269 
3025270 
3025271 
3025272 
3025273 
3025274 
3025275 
3025276 
3025277 
3025278 
3025279 
3025280 
3025281 
3025282 
3025283 
3025284 
3025285 
3025286 
3025287 
3025288 
3025289 
3025290 
3025291 
3025292 
3025293 
3025294 
3025295 
3025296 
3025297 
3025298 
3025299 
3025300 
3025301 
3025302 
3025303 
3025304 
3025305 
3025306 
3025307 
3025308 
3025309 
3025310 
3025311 
3025312 
3025313 
3025314 
3025315 
3025316 
3025317 
3025318 
3025319 
3025320 
3025321 
3025322 
3025323 
3025324 
3025325 
3025326 
3025327 
3025328 
3025329 
3025330 
3025331 
3025332 
3025333 
3025334 
3025335 
3025336 
3025337 
3025338 
3025339 
3025340 
3025341 
3025342 
3025343 
3025344 
3025345 
3025346 
3025347 
3025348 
3025349 
3025350 
3025351 
3025352 
3025353 
3025354 
3025355 
3025356 
3025357 
3025358 
3025359 
3025360 
3025361 
3025362 
3025363 
3025364 
3025365 
3025366 
3025367 
3025368 
3025369 
3025370 
3025371 
3025372 
3025373 
3025374 
3025375 
3025376 
3025377 
3025378 
3025379 
3025380 
3025381 
3025382 
3025383 
3025384 
3025385 
3025386 
3025387 
3025388 
3025389 
3025390 
3025391 
3025392 
3025393 
3025394 
3025395 
3025396 
3025397 
3025398 
3025399 
3025400 
3025401 
3025402 
3025403 
3025404 
3025405 
3025406 
3025407 
3025408 
3025409 
3025410 
3025411 
3025412 
3025413 
3025414 
3025415 
3025416 
3025417 
3025418 
3025419 
3025420 
3025421 
3025422 
3025423 
3025424 
3025425 
3025426 
3025427 
3025428 
3025429 
3025430 
3025431 
3025432 
3025433 
3025434 
3025435 
3025436 
3025437 
3025438 
3025439 
3025440 
3025441 
3025442 
3025443 
3025444 
3025445 
3025446 
3025447 
3025448 
3025449 
3025450 
3025451 
3025452 
3025453 
3025454 
3025455 
3025456 
3025457 
3025458 
3025459 
3025460 
3025461 
3025462 
3025463 
3025464 
3025465 
3025466 
3025467 
3025468 
3025469 
3025470 
3025471 
3025472 
3025473 
3025474 
3025475 
3025476 
3025477 
3025478 
3025479 
3025480 
3025481 
3025482 
3025483 
3025484 
3025485 
3025486 
3025487 
3025488 
3025489 
3025490 
3025491 
3025492 
3025493 
3025494 
3025495 
3025496 
3025497 
3025498 
3025499 
3025500 
3025501 
3025502 
3025503 
3025504 
3025505 
3025506 
3025507 
3025508 
3025509 
3025510 
3025511 
3025512 
3025513 
3025514 
3025515 
3025516 
3025517 
3025518 
3025519 
3025520 
3025521 
3025522 
3025523 
3025524 
3025525 
3025526 
3025527 
3025528 
3025529 
3025530 
3025531 
3025532 
3025533 
3025534 
3025535 
3025536 
3025537 
3025538 
3025539 
3025540 
3025541 
3025542 
3025543 
3025544 
3025545 
3025546 
3025547 
3025548 
3025549 
3025550 
3025551 
3025552 
3025553 
3025554 
3025555 
3025556 
3025557 
3025558 
3025559 
3025560 
3025561 
3025562 
3025563 
3025564 
3025565 
3025566 
3025567 
3025568 
3025569 
3025570 
3025571 
3025572 
3025573 
3025574 
3025575 
3025576 
3025577 
3025578 
3025579 
3025580 
3025581 
3025582 
3025583 
3025584 
3025585 
3025586 
3025587 
3025588 
3025589 
3025590 
3025591 
3025592 
3025593 
3025594 
3025595 
3025596 
3025597 
3025598 
3025599 
3025600 
3025601 
3025602 
3025603 
3025604 
3025605 
3025606 
3025607 
3025608 
3025609 
3025610 
3025611 
3025612 
3025613 
3025614 
3025615 
3025616 
3025617 
3025618 
3025619 
3025620 
3025621 
3025622 
3025623 
3025624 
3025625 
3025626 
3025627 
3025628 
3025629 
3025630 
3025631 
3025632 
3025633 
3025634 
3025635 
3025636 
3025637 
3025638 
3025639 
3025640 
3025641 
3025642 
3025643 
3025644 
3025645 
3025646 
3025647 
3025648 
3025649 
3025650 
3025651 
3025652 
3025653 
3025654 
3025655 
3025656 
3025657 
3025658 
3025659 
3025660 
3025661 
3025662 
3025663 
3025664 
3025665 
3025666 
3025667 
3025668 
3025669 
3025670 
3025671 
3025672 
3025673 
3025674 
3025675 
3025676 
3025677 
3025678 
3025679 
3025680 
3025681 
3025682 
3025683 
3025684 
3025685 
3025686 
3025687 
3025688 
3025689 
3025690 
3025691 
3025692 
3025693 
3025694 
3025695 
3025696 
3025697 
3025698 
3025699 
3025700 
3025701 
3025702 
3025703 
3025704 
3025705 
3025706 
3025707 
3025708 
3025709 
3025710 
3025711 
3025712 
3025713 
3025714 
3025715 
3025716 
3025717 
3025718 
3025719 
3025720 
3025721 
3025722 
3025723 
3025724 
3025725 
3025726 
3025727 
3025728 
3025729 
3025730 
3025731 
3025732 
3025733 
3025734 
3025735 
3025736 
3025737 
3025738 
3025739 
3025740 
3025741 
3025742 
3025743 
3025744 
3025745 
3025746 
3025747 
3025748 
3025749 
3025750 
3025751 
3025752 
3025753 
3025754 
3025755 
3025756 
3025757 
3025758 
3025759 
3025760 
3025761 
3025762 
3025763 
3025764 
3025765 
3025766 
3025767 
3025768 
3025769 
3025770 
3025771 
3025772 
3025773 
3025774 
3025775 
3025776 
3025777 
3025778 
3025779 
3025780 
3025781 
3025782 
3025783 
3025784 
3025785 
3025786 
3025787 
3025788 
3025789 
3025790 
3025791 
3025792 
3025793 
3025794 
3025795 
3025796 
3025797 
3025798 
3025799 
3025800 
3025801 
3025802 
3025803 
3025804 
3025805 
3025806 
3025807 
3025808 
3025809 
3025810 
3025811 
3025812 
3025813 
3025814 
3025815 
3025816 
3025817 
3025818 
3025819 
3025820 
3025821 
3025822 
3025823 
3025824 
3025825 
3025826 
3025827 
3025828 
3025829 
3025830 
3025831 
3025832 
3025833 
3025834 
3025835 
3025836 
3025837 
3025838 
3025839 
3025840 
3025841 
3025842 
3025843 
3025844 
3025845 
3025846 
3025847 
3025848 
3025849 
3025850 
3025851 
3025852 
3025853 
3025854 
3025855 
3025856 
3025857 
3025858 
3025859 
3025860 
3025861 
3025862 
3025863 
3025864 
3025865 
3025866 
3025867 
3025868 
3025869 
3025870 
3025871 
3025872 
3025873 
3025874 
3025875 
3025876 
3025877 
3025878 
3025879 
3025880 
3025881 
3025882 
3025883 
3025884 
3025885 
3025886 
3025887 
3025888 
3025889 
3025890 
3025891 
3025892 
3025893 
3025894 
3025895 
3025896 
3025897 
3025898 
3025899 
3025900 
3025901 
3025902 
3025903 
3025904 
3025905 
3025906 
3025907 
3025908 
3025909 
3025910 
3025911 
3025912 
3025913 
3025914 
3025915 
3025916 
3025917 
3025918 
3025919 
3025920 
3025921 
3025922 
3025923 
3025924 
3025925 
3025926 
3025927 
3025928 
3025929 
3025930 
3025931 
3025932 
3025933 
3025934 
3025935 
3025936 
3025937 
3025938 
3025939 
3025940 
3025941 
3025942 
3025943 
3025944 
3025945 
3025946 
3025947 
3025948 
3025949 
3025950 
3025951 
3025952 
3025953 
3025954 
3025955 
3025956 
3025957 
3025958 
3025959 
3025960 
3025961 
3025962 
3025963 
3025964 
3025965 
3025966 
3025967 
3025968 
3025969 
3025970 
3025971 
3025972 
3025973 
3025974 
3025975 
3025976 
3025977 
3025978 
3025979 
3025980 
3025981 
3025982 
3025983 
3025984 
3025985 
3025986 
3025987 
3025988 
3025989 
3025990 
3025991 
3025992 
3025993 
3025994 
3025995 
3025996 
3025997 
3025998 
3025999 
3026000 
3026001 
3026002 
3026003 
3026004 
3026005 
3026006 
3026007 
3026008 
3026009 
3026010 
3026011 
3026012 
3026013 
3026014 
3026015 
3026016 
3026017 
3026018 
3026019 
3026020 
3026021 
3026022 
3026023 
3026024 
3026025 
3026026 
3026027 
3026028 
3026029 
3026030 
3026031 
3026032 
3026033 
3026034 
3026035 
3026036 
3026037 
3026038 
3026039 
3026040 
3026041 
3026042 
3026043 
3026044 
3026045 
3026046 
3026047 
3026048 
3026049 
3026050 
3026051 
3026052 
3026053 
3026054 
3026055 
3026056 
3026057 
3026058 
3026059 
3026060 
3026061 
3026062 
3026063 
3026064 
3026065 
3026066 
3026067 
3026068 
3026069 
3026070 
3026071 
3026072 
3026073 
3026074 
3026075 
3026076 
3026077 
3026078 
3026079 
3026080 
3026081 
3026082 
3026083 
3026084 
3026085 
3026086 
3026087 
3026088 
3026089 
3026090 
3026091 
3026092 
3026093 
3026094 
3026095 
3026096 
3026097 
3026098 
3026099 
3026100 
3026101 
3026102 
3026103 
3026104 
3026105 
3026106 
3026107 
3026108 
3026109 
3026110 
3026111 
3026112 
3026113 
3026114 
3026115 
3026116 
3026117 
3026118 
3026119 
3026120 
3026121 
3026122 
3026123 
3026124 
3026125 
3026126 
3026127 
3026128 
3026129 
3026130 
3026131 
3026132 
3026133 
3026134 
3026135 
3026136 
3026137 
3026138 
3026139 
3026140 
3026141 
3026142 
3026143 
3026144 
3026145 
3026146 
3026147 
3026148 
3026149 
3026150 
3026151 
3026152 
3026153 
3026154 
3026155 
3026156 
3026157 
3026158 
3026159 
3026160 
3026161 
3026162 
3026163 
3026164 
3026165 
3026166 
3026167 
3026168 
3026169 
3026170 
3026171 
3026172 
3026173 
3026174 
3026175 
3026176 
3026177 
3026178 
3026179 
3026180 
3026181 
3026182 
3026183 
3026184 
3026185 
3026186 
3026187 
3026188 
3026189 
3026190 
3026191 
3026192 
3026193 
3026194 
3026195 
3026196 
3026197 
3026198 
3026199 
3026200 
3026201 
3026202 
3026203 
3026204 
3026205 
3026206 
3026207 
3026208 
3026209 
3026210 
3026211 
3026212 
3026213 
3026214 
3026215 
3026216 
3026217 
3026218 
3026219 
3026220 
3026221 
3026222 
3026223 
3026224 
3026225 
3026226 
3026227 
3026228 
3026229 
3026230 
3026231 
3026232 
3026233 
3026234 
3026235 
3026236 
3026237 
3026238 
3026239 
3026240 
3026241 
3026242 
3026243 
3026244 
3026245 
3026246 
3026247 
3026248 
3026249 
3026250 
3026251 
3026252 
3026253 
3026254 
3026255 
3026256 
3026257 
3026258 
3026259 
3026260 
3026261 
3026262 
3026263 
3026264 
3026265 
3026266 
3026267 
3026268 
3026269 
3026270 
3026271 
3026272 
3026273 
3026274 
3026275 
3026276 
3026277 
3026278 
3026279 
3026280 
3026281 
3026282 
3026283 
3026284 
3026285 
3026286 
3026287 
3026288 
3026289 
3026290 
3026291 
3026292 
3026293 
3026294 
3026295 
3026296 
3026297 
3026298 
3026299 
3026300 
3026301 
3026302 
3026303 
3026304 
3026305 
3026306 
3026307 
3026308 
3026309 
3026310 
3026311 
3026312 
3026313 
3026314 
3026315 
3026316 
3026317 
3026318 
3026319 
3026320 
3026321 
3026322 
3026323 
3026324 
3026325 
3026326 
3026327 
3026328 
3026329 
3026330 
3026331 
3026332 
3026333 
3026334 
3026335 
3026336 
3026337 
3026338 
3026339 
3026340 
3026341 
3026342 
3026343 
3026344 
3026345 
3026346 
3026347 
3026348 
3026349 
3026350 
3026351 
3026352 
3026353 
3026354 
3026355 
3026356 
3026357 
3026358 
3026359 
3026360 
3026361 
3026362 
3026363 
3026364 
3026365 
3026366 
3026367 
3026368 
3026369 
3026370 
3026371 
3026372 
3026373 
3026374 
3026375 
3026376 
3026377 
3026378 
3026379 
3026380 
3026381 
3026382 
3026383 
3026384 
3026385 
3026386 
3026387 
3026388 
3026389 
3026390 
3026391 
3026392 
3026393 
3026394 
3026395 
3026396 
3026397 
3026398 
3026399 
3026400 
3026401 
3026402 
3026403 
3026404 
3026405 
3026406 
3026407 
3026408 
3026409 
3026410 
3026411 
3026412 
3026413 
3026414 
3026415 
3026416 
3026417 
3026418 
3026419 
3026420 
3026421 
3026422 
3026423 
3026424 
3026425 
3026426 
3026427 
3026428 
3026429 
3026430 
3026431 
3026432 
3026433 
3026434 
3026435 
3026436 
3026437 
3026438 
3026439 
3026440 
3026441 
3026442 
3026443 
3026444 
3026445 
3026446 
3026447 
3026448 
3026449 
3026450 
3026451 
3026452 
3026453 
3026454 
3026455 
3026456 
3026457 
3026458 
3026459 
3026460 
3026461 
3026462 
3026463 
3026464 
3026465 
3026466 
3026467 
3026468 
3026469 
3026470 
3026471 
3026472 
3026473 
3026474 
3026475 
3026476 
3026477 
3026478 
3026479 
3026480 
3026481 
3026482 
3026483 
3026484 
3026485 
3026486 
3026487 
3026488 
3026489 
3026490 
3026491 
3026492 
3026493 
3026494 
3026495 
3026496 
3026497 
3026498 
3026499 
3026500 
3026501 
3026502 
3026503 
3026504 
3026505 
3026506 
3026507 
3026508 
3026509 
3026510 
3026511 
3026512 
3026513 
3026514 
3026515 
3026516 
3026517 
3026518 
3026519 
3026520 
3026521 
3026522 
3026523 
3026524 
3026525 
3026526 
3026527 
3026528 
3026529 
3026530 
3026531 
3026532 
3026533 
3026534 
3026535 
3026536 
3026537 
3026538 
3026539 
3026540 
3026541 
3026542 
3026543 
3026544 
3026545 
3026546 
3026547 
3026548 
3026549 
3026550 
3026551 
3026552 
3026553 
3026554 
3026555 
3026556 
3026557 
3026558 
3026559 
3026560 
3026561 
3026562 
3026563 
3026564 
3026565 
3026566 
3026567 
3026568 
3026569 
3026570 
3026571 
3026572 
3026573 
3026574 
3026575 
3026576 
3026577 
3026578 
3026579 
3026580 
3026581 
3026582 
3026583 
3026584 
3026585 
3026586 
3026587 
3026588 
3026589 
3026590 
3026591 
3026592 
3026593 
3026594 
3026595 
3026596 
3026597 
3026598 
3026599 
3026600 
3026601 
3026602 
3026603 
3026604 
3026605 
3026606 
3026607 
3026608 
3026609 
3026610 
3026611 
3026612 
3026613 
3026614 
3026615 
3026616 
3026617 
3026618 
3026619 
3026620 
3026621 
3026622 
3026623 
3026624 
3026625 
3026626 
3026627 
3026628 
3026629 
3026630 
3026631 
3026632 
3026633 
3026634 
3026635 
3026636 
3026637 
3026638 
3026639 
3026640 
3026641 
3026642 
3026643 
3026644 
3026645 
3026646 
3026647 
3026648 
3026649 
3026650 
3026651 
3026652 
3026653 
3026654 
3026655 
3026656 
3026657 
3026658 
3026659 
3026660 
3026661 
3026662 
3026663 
3026664 
3026665 
3026666 
3026667 
3026668 
3026669 
3026670 
3026671 
3026672 
3026673 
3026674 
3026675 
3026676 
3026677 
3026678 
3026679 
3026680 
3026681 
3026682 
3026683 
3026684 
3026685 
3026686 
3026687 
3026688 
3026689 
3026690 
3026691 
3026692 
3026693 
3026694 
3026695 
3026696 
3026697 
3026698 
3026699 
3026700 
3026701 
3026702 
3026703 
3026704 
3026705 
3026706 
3026707 
3026708 
3026709 
3026710 
3026711 
3026712 
3026713 
3026714 
3026715 
3026716 
3026717 
3026718 
3026719 
3026720 
3026721 
3026722 
3026723 
3026724 
3026725 
3026726 
3026727 
3026728 
3026729 
3026730 
3026731 
3026732 
3026733 
3026734 
3026735 
3026736 
3026737 
3026738 
3026739 
3026740 
3026741 
3026742 
3026743 
3026744 
3026745 
3026746 
3026747 
3026748 
3026749 
3026750 
3026751 
3026752 
3026753 
3026754 
3026755 
3026756 
3026757 
3026758 
3026759 
3026760 
3026761 
3026762 
3026763 
3026764 
3026765 
3026766 
3026767 
3026768 
3026769 
3026770 
3026771 
3026772 
3026773 
3026774 
3026775 
3026776 
3026777 
3026778 
3026779 
3026780 
3026781 
3026782 
3026783 
3026784 
3026785 
3026786 
3026787 
3026788 
3026789 
3026790 
3026791 
3026792 
3026793 
3026794 
3026795 
3026796 
3026797 
3026798 
3026799 
3026800 
3026801 
3026802 
3026803 
3026804 
3026805 
3026806 
3026807 
3026808 
3026809 
3026810 
3026811 
3026812 
3026813 
3026814 
3026815 
3026816 
3026817 
3026818 
3026819 
3026820 
3026821 
3026822 
3026823 
3026824 
3026825 
3026826 
3026827 
3026828 
3026829 
3026830 
3026831 
3026832 
3026833 
3026834 
3026835 
3026836 
3026837 
3026838 
3026839 
3026840 
3026841 
3026842 
3026843 
3026844 
3026845 
3026846 
3026847 
3026848 
3026849 
3026850 
3026851 
3026852 
3026853 
3026854 
3026855 
3026856 
3026857 
3026858 
3026859 
3026860 
3026861 
3026862 
3026863 
3026864 
3026865 
3026866 
3026867 
3026868 
3026869 
3026870 
3026871 
3026872 
3026873 
3026874 
3026875 
3026876 
3026877 
3026878 
3026879 
3026880 
3026881 
3026882 
3026883 
3026884 
3026885 
3026886 
3026887 
3026888 
3026889 
3026890 
3026891 
3026892 
3026893 
3026894 
3026895 
3026896 
3026897 
3026898 
3026899 
3026900 
3026901 
3026902 
3026903 
3026904 
3026905 
3026906 
3026907 
3026908 
3026909 
3026910 
3026911 
3026912 
3026913 
3026914 
3026915 
3026916 
3026917 
3026918 
3026919 
3026920 
3026921 
3026922 
3026923 
3026924 
3026925 
3026926 
3026927 
3026928 
3026929 
3026930 
3026931 
3026932 
3026933 
3026934 
3026935 
3026936 
3026937 
3026938 
3026939 
3026940 
3026941 
3026942 
3026943 
3026944 
3026945 
3026946 
3026947 
3026948 
3026949 
3026950 
3026951 
3026952 
3026953 
3026954 
3026955 
3026956 
3026957 
3026958 
3026959 
3026960 
3026961 
3026962 
3026963 
3026964 
3026965 
3026966 
3026967 
3026968 
3026969 
3026970 
3026971 
3026972 
3026973 
3026974 
3026975 
3026976 
3026977 
3026978 
3026979 
3026980 
3026981 
3026982 
3026983 
3026984 
3026985 
3026986 
3026987 
3026988 
3026989 
3026990 
3026991 
3026992 
3026993 
3026994 
3026995 
3026996 
3026997 
3026998 
3026999 
3027000 
3027001 
3027002 
3027003 
3027004 
3027005 
3027006 
3027007 
3027008 
3027009 
3027010 
3027011 
3027012 
3027013 
3027014 
3027015 
3027016 
3027017 
3027018 
3027019 
3027020 
3027021 
3027022 
3027023 
3027024 
3027025 
3027026 
3027027 
3027028 
3027029 
3027030 
3027031 
3027032 
3027033 
3027034 
3027035 
3027036 
3027037 
3027038 
3027039 
3027040 
3027041 
3027042 
3027043 
3027044 
3027045 
3027046 
3027047 
3027048 
3027049 
3027050 
3027051 
3027052 
3027053 
3027054 
3027055 
3027056 
3027057 
3027058 
3027059 
3027060 
3027061 
3027062 
3027063 
3027064 
3027065 
3027066 
3027067 
3027068 
3027069 
3027070 
3027071 
3027072 
3027073 
3027074 
3027075 
3027076 
3027077 
3027078 
3027079 
3027080 
3027081 
3027082 
3027083 
3027084 
3027085 
3027086 
3027087 
3027088 
3027089 
3027090 
3027091 
3027092 
3027093 
3027094 
3027095 
3027096 
3027097 
3027098 
3027099 
3027100 
3027101 
3027102 
3027103 
3027104 
3027105 
3027106 
3027107 
3027108 
3027109 
3027110 
3027111 
3027112 
3027113 
3027114 
3027115 
3027116 
3027117 
3027118 
3027119 
3027120 
3027121 
3027122 
3027123 
3027124 
3027125 
3027126 
3027127 
3027128 
3027129 
3027130 
3027131 
3027132 
3027133 
3027134 
3027135 
3027136 
3027137 
3027138 
3027139 
3027140 
3027141 
3027142 
3027143 
3027144 
3027145 
3027146 
3027147 
3027148 
3027149 
3027150 
3027151 
3027152 
3027153 
3027154 
3027155 
3027156 
3027157 
3027158 
3027159 
3027160 
3027161 
3027162 
3027163 
3027164 
3027165 
3027166 
3027167 
3027168 
3027169 
3027170 
3027171 
3027172 
3027173 
3027174 
3027175 
3027176 
3027177 
3027178 
3027179 
3027180 
3027181 
3027182 
3027183 
3027184 
3027185 
3027186 
3027187 
3027188 
3027189 
3027190 
3027191 
3027192 
3027193 
3027194 
3027195 
3027196 
3027197 
3027198 
3027199 
3027200 
3027201 
3027202 
3027203 
3027204 
3027205 
3027206 
3027207 
3027208 
3027209 
3027210 
3027211 
3027212 
3027213 
3027214 
3027215 
3027216 
3027217 
3027218 
3027219 
3027220 
3027221 
3027222 
3027223 
3027224 
3027225 
3027226 
3027227 
3027228 
3027229 
3027230 
3027231 
3027232 
3027233 
3027234 
3027235 
3027236 
3027237 
3027238 
3027239 
3027240 
3027241 
3027242 
3027243 
3027244 
3027245 
3027246 
3027247 
3027248 
3027249 
3027250 
3027251 
3027252 
3027253 
3027254 
3027255 
3027256 
3027257 
3027258 
3027259 
3027260 
3027261 
3027262 
3027263 
3027264 
3027265 
3027266 
3027267 
3027268 
3027269 
3027270 
3027271 
3027272 
3027273 
3027274 
3027275 
3027276 
3027277 
3027278 
3027279 
3027280 
3027281 
3027282 
3027283 
3027284 
3027285 
3027286 
3027287 
3027288 
3027289 
3027290 
3027291 
3027292 
3027293 
3027294 
3027295 
3027296 
3027297 
3027298 
3027299 
3027300 
3027301 
3027302 
3027303 
3027304 
3027305 
3027306 
3027307 
3027308 
3027309 
3027310 
3027311 
3027312 
3027313 
3027314 
3027315 
3027316 
3027317 
3027318 
3027319 
3027320 
3027321 
3027322 
3027323 
3027324 
3027325 
3027326 
3027327 
3027328 
3027329 
3027330 
3027331 
3027332 
3027333 
3027334 
3027335 
3027336 
3027337 
3027338 
3027339 
3027340 
3027341 
3027342 
3027343 
3027344 
3027345 
3027346 
3027347 
3027348 
3027349 
3027350 
3027351 
3027352 
3027353 
3027354 
3027355 
3027356 
3027357 
3027358 
3027359 
3027360 
3027361 
3027362 
3027363 
3027364 
3027365 
3027366 
3027367 
3027368 
3027369 
3027370 
3027371 
3027372 
3027373 
3027374 
3027375 
3027376 
3027377 
3027378 
3027379 
3027380 
3027381 
3027382 
3027383 
3027384 
3027385 
3027386 
3027387 
3027388 
3027389 
3027390 
3027391 
3027392 
3027393 
3027394 
3027395 
3027396 
3027397 
3027398 
3027399 
3027400 
3027401 
3027402 
3027403 
3027404 
3027405 
3027406 
3027407 
3027408 
3027409 
3027410 
3027411 
3027412 
3027413 
3027414 
3027415 
3027416 
3027417 
3027418 
3027419 
3027420 
3027421 
3027422 
3027423 
3027424 
3027425 
3027426 
3027427 
3027428 
3027429 
3027430 
3027431 
3027432 
3027433 
3027434 
3027435 
3027436 
3027437 
3027438 
3027439 
3027440 
3027441 
3027442 
3027443 
3027444 
3027445 
3027446 
3027447 
3027448 
3027449 
3027450 
3027451 
3027452 
3027453 
3027454 
3027455 
3027456 
3027457 
3027458 
3027459 
3027460 
3027461 
3027462 
3027463 
3027464 
3027465 
3027466 
3027467 
3027468 
3027469 
3027470 
3027471 
3027472 
3027473 
3027474 
3027475 
3027476 
3027477 
3027478 
3027479 
3027480 
3027481 
3027482 
3027483 
3027484 
3027485 
3027486 
3027487 
3027488 
3027489 
3027490 
3027491 
3027492 
3027493 
3027494 
3027495 
3027496 
3027497 
3027498 
3027499 
3027500 
3027501 
3027502 
3027503 
3027504 
3027505 
3027506 
3027507 
3027508 
3027509 
3027510 
3027511 
3027512 
3027513 
3027514 
3027515 
3027516 
3027517 
3027518 
3027519 
3027520 
3027521 
3027522 
3027523 
3027524 
3027525 
3027526 
3027527 
3027528 
3027529 
3027530 
3027531 
3027532 
3027533 
3027534 
3027535 
3027536 
3027537 
3027538 
3027539 
3027540 
3027541 
3027542 
3027543 
3027544 
3027545 
3027546 
3027547 
3027548 
3027549 
3027550 
3027551 
3027552 
3027553 
3027554 
3027555 
3027556 
3027557 
3027558 
3027559 
3027560 
3027561 
3027562 
3027563 
3027564 
3027565 
3027566 
3027567 
3027568 
3027569 
3027570 
3027571 
3027572 
3027573 
3027574 
3027575 
3027576 
3027577 
3027578 
3027579 
3027580 
3027581 
3027582 
3027583 
3027584 
3027585 
3027586 
3027587 
3027588 
3027589 
3027590 
3027591 
3027592 
3027593 
3027594 
3027595 
3027596 
3027597 
3027598 
3027599 
3027600 
3027601 
3027602 
3027603 
3027604 
3027605 
3027606 
3027607 
3027608 
3027609 
3027610 
3027611 
3027612 
3027613 
3027614 
3027615 
3027616 
3027617 
3027618 
3027619 
3027620 
3027621 
3027622 
3027623 
3027624 
3027625 
3027626 
3027627 
3027628 
3027629 
3027630 
3027631 
3027632 
3027633 
3027634 
3027635 
3027636 
3027637 
3027638 
3027639 
3027640 
3027641 
3027642 
3027643 
3027644 
3027645 
3027646 
3027647 
3027648 
3027649 
3027650 
3027651 
3027652 
3027653 
3027654 
3027655 
3027656 
3027657 
3027658 
3027659 
3027660 
3027661 
3027662 
3027663 
3027664 
3027665 
3027666 
3027667 
3027668 
3027669 
3027670 
3027671 
3027672 
3027673 
3027674 
3027675 
3027676 
3027677 
3027678 
3027679 
3027680 
3027681 
3027682 
3027683 
3027684 
3027685 
3027686 
3027687 
3027688 
3027689 
3027690 
3027691 
3027692 
3027693 
3027694 
3027695 
3027696 
3027697 
3027698 
3027699 
3027700 
3027701 
3027702 
3027703 
3027704 
3027705 
3027706 
3027707 
3027708 
3027709 
3027710 
3027711 
3027712 
3027713 
3027714 
3027715 
3027716 
3027717 
3027718 
3027719 
3027720 
3027721 
3027722 
3027723 
3027724 
3027725 
3027726 
3027727 
3027728 
3027729 
3027730 
3027731 
3027732 
3027733 
3027734 
3027735 
3027736 
3027737 
3027738 
3027739 
3027740 
3027741 
3027742 
3027743 
3027744 
3027745 
3027746 
3027747 
3027748 
3027749 
3027750 
3027751 
3027752 
3027753 
3027754 
3027755 
3027756 
3027757 
3027758 
3027759 
3027760 
3027761 
3027762 
3027763 
3027764 
3027765 
3027766 
3027767 
3027768 
3027769 
3027770 
3027771 
3027772 
3027773 
3027774 
3027775 
3027776 
3027777 
3027778 
3027779 
3027780 
3027781 
3027782 
3027783 
3027784 
3027785 
3027786 
3027787 
3027788 
3027789 
3027790 
3027791 
3027792 
3027793 
3027794 
3027795 
3027796 
3027797 
3027798 
3027799 
3027800 
3027801 
3027802 
3027803 
3027804 
3027805 
3027806 
3027807 
3027808 
3027809 
3027810 
3027811 
3027812 
3027813 
3027814 
3027815 
3027816 
3027817 
3027818 
3027819 
3027820 
3027821 
3027822 
3027823 
3027824 
3027825 
3027826 
3027827 
3027828 
3027829 
3027830 
3027831 
3027832 
3027833 
3027834 
3027835 
3027836 
3027837 
3027838 
3027839 
3027840 
3027841 
3027842 
3027843 
3027844 
3027845 
3027846 
3027847 
3027848 
3027849 
3027850 
3027851 
3027852 
3027853 
3027854 
3027855 
3027856 
3027857 
3027858 
3027859 
3027860 
3027861 
3027862 
3027863 
3027864 
3027865 
3027866 
3027867 
3027868 
3027869 
3027870 
3027871 
3027872 
3027873 
3027874 
3027875 
3027876 
3027877 
3027878 
3027879 
3027880 
3027881 
3027882 
3027883 
3027884 
3027885 
3027886 
3027887 
3027888 
3027889 
3027890 
3027891 
3027892 
3027893 
3027894 
3027895 
3027896 
3027897 
3027898 
3027899 
3027900 
3027901 
3027902 
3027903 
3027904 
3027905 
3027906 
3027907 
3027908 
3027909 
3027910 
3027911 
3027912 
3027913 
3027914 
3027915 
3027916 
3027917 
3027918 
3027919 
3027920 
3027921 
3027922 
3027923 
3027924 
3027925 
3027926 
3027927 
3027928 
3027929 
3027930 
3027931 
3027932 
3027933 
3027934 
3027935 
3027936 
3027937 
3027938 
3027939 
3027940 
3027941 
3027942 
3027943 
3027944 
3027945 
3027946 
3027947 
3027948 
3027949 
3027950 
3027951 
3027952 
3027953 
3027954 
3027955 
3027956 
3027957 
3027958 
3027959 
3027960 
3027961 
3027962 
3027963 
3027964 
3027965 
3027966 
3027967 
3027968 
3027969 
3027970 
3027971 
3027972 
3027973 
3027974 
3027975 
3027976 
3027977 
3027978 
3027979 
3027980 
3027981 
3027982 
3027983 
3027984 
3027985 
3027986 
3027987 
3027988 
3027989 
3027990 
3027991 
3027992 
3027993 
3027994 
3027995 
3027996 
3027997 
3027998 
3027999 
3028000 
3028001 
3028002 
3028003 
3028004 
3028005 
3028006 
3028007 
3028008 
3028009 
3028010 
3028011 
3028012 
3028013 
3028014 
3028015 
3028016 
3028017 
3028018 
3028019 
3028020 
3028021 
3028022 
3028023 
3028024 
3028025 
3028026 
3028027 
3028028 
3028029 
3028030 
3028031 
3028032 
3028033 
3028034 
3028035 
3028036 
3028037 
3028038 
3028039 
3028040 
3028041 
3028042 
3028043 
3028044 
3028045 
3028046 
3028047 
3028048 
3028049 
3028050 
3028051 
3028052 
3028053 
3028054 
3028055 
3028056 
3028057 
3028058 
3028059 
3028060 
3028061 
3028062 
3028063 
3028064 
3028065 
3028066 
3028067 
3028068 
3028069 
3028070 
3028071 
3028072 
3028073 
3028074 
3028075 
3028076 
3028077 
3028078 
3028079 
3028080 
3028081 
3028082 
3028083 
3028084 
3028085 
3028086 
3028087 
3028088 
3028089 
3028090 
3028091 
3028092 
3028093 
3028094 
3028095 
3028096 
3028097 
3028098 
3028099 
3028100 
3028101 
3028102 
3028103 
3028104 
3028105 
3028106 
3028107 
3028108 
3028109 
3028110 
3028111 
3028112 
3028113 
3028114 
3028115 
3028116 
3028117 
3028118 
3028119 
3028120 
3028121 
3028122 
3028123 
3028124 
3028125 
3028126 
3028127 
3028128 
3028129 
3028130 
3028131 
3028132 
3028133 
3028134 
3028135 
3028136 
3028137 
3028138 
3028139 
3028140 
3028141 
3028142 
3028143 
3028144 
3028145 
3028146 
3028147 
3028148 
3028149 
3028150 
3028151 
3028152 
3028153 
3028154 
3028155 
3028156 
3028157 
3028158 
3028159 
3028160 
3028161 
3028162 
3028163 
3028164 
3028165 
3028166 
3028167 
3028168 
3028169 
3028170 
3028171 
3028172 
3028173 
3028174 
3028175 
3028176 
3028177 
3028178 
3028179 
3028180 
3028181 
3028182 
3028183 
3028184 
3028185 
3028186 
3028187 
3028188 
3028189 
3028190 
3028191 
3028192 
3028193 
3028194 
3028195 
3028196 
3028197 
3028198 
3028199 
3028200 
3028201 
3028202 
3028203 
3028204 
3028205 
3028206 
3028207 
3028208 
3028209 
3028210 
3028211 
3028212 
3028213 
3028214 
3028215 
3028216 
3028217 
3028218 
3028219 
3028220 
3028221 
3028222 
3028223 
3028224 
3028225 
3028226 
3028227 
3028228 
3028229 
3028230 
3028231 
3028232 
3028233 
3028234 
3028235 
3028236 
3028237 
3028238 
3028239 
3028240 
3028241 
3028242 
3028243 
3028244 
3028245 
3028246 
3028247 
3028248 
3028249 
3028250 
3028251 
3028252 
3028253 
3028254 
3028255 
3028256 
3028257 
3028258 
3028259 
3028260 
3028261 
3028262 
3028263 
3028264 
3028265 
3028266 
3028267 
3028268 
3028269 
3028270 
3028271 
3028272 
3028273 
3028274 
3028275 
3028276 
3028277 
3028278 
3028279 
3028280 
3028281 
3028282 
3028283 
3028284 
3028285 
3028286 
3028287 
3028288 
3028289 
3028290 
3028291 
3028292 
3028293 
3028294 
3028295 
3028296 
3028297 
3028298 
3028299 
3028300 
3028301 
3028302 
3028303 
3028304 
3028305 
3028306 
3028307 
3028308 
3028309 
3028310 
3028311 
3028312 
3028313 
3028314 
3028315 
3028316 
3028317 
3028318 
3028319 
3028320 
3028321 
3028322 
3028323 
3028324 
3028325 
3028326 
3028327 
3028328 
3028329 
3028330 
3028331 
3028332 
3028333 
3028334 
3028335 
3028336 
3028337 
3028338 
3028339 
3028340 
3028341 
3028342 
3028343 
3028344 
3028345 
3028346 
3028347 
3028348 
3028349 
3028350 
3028351 
3028352 
3028353 
3028354 
3028355 
3028356 
3028357 
3028358 
3028359 
3028360 
3028361 
3028362 
3028363 
3028364 
3028365 
3028366 
3028367 
3028368 
3028369 
3028370 
3028371 
3028372 
3028373 
3028374 
3028375 
3028376 
3028377 
3028378 
3028379 
3028380 
3028381 
3028382 
3028383 
3028384 
3028385 
3028386 
3028387 
3028388 
3028389 
3028390 
3028391 
3028392 
3028393 
3028394 
3028395 
3028396 
3028397 
3028398 
3028399 
3028400 
3028401 
3028402 
3028403 
3028404 
3028405 
3028406 
3028407 
3028408 
3028409 
3028410 
3028411 
3028412 
3028413 
3028414 
3028415 
3028416 
3028417 
3028418 
3028419 
3028420 
3028421 
3028422 
3028423 
3028424 
3028425 
3028426 
3028427 
3028428 
3028429 
3028430 
3028431 
3028432 
3028433 
3028434 
3028435 
3028436 
3028437 
3028438 
3028439 
3028440 
3028441 
3028442 
3028443 
3028444 
3028445 
3028446 
3028447 
3028448 
3028449 
3028450 
3028451 
3028452 
3028453 
3028454 
3028455 
3028456 
3028457 
3028458 
3028459 
3028460 
3028461 
3028462 
3028463 
3028464 
3028465 
3028466 
3028467 
3028468 
3028469 
3028470 
3028471 
3028472 
3028473 
3028474 
3028475 
3028476 
3028477 
3028478 
3028479 
3028480 
3028481 
3028482 
3028483 
3028484 
3028485 
3028486 
3028487 
3028488 
3028489 
3028490 
3028491 
3028492 
3028493 
3028494 
3028495 
3028496 
3028497 
3028498 
3028499 
3028500 
3028501 
3028502 
3028503 
3028504 
3028505 
3028506 
3028507 
3028508 
3028509 
3028510 
3028511 
3028512 
3028513 
3028514 
3028515 
3028516 
3028517 
3028518 
3028519 
3028520 
3028521 
3028522 
3028523 
3028524 
3028525 
3028526 
3028527 
3028528 
3028529 
3028530 
3028531 
3028532 
3028533 
3028534 
3028535 
3028536 
3028537 
3028538 
3028539 
3028540 
3028541 
3028542 
3028543 
3028544 
3028545 
3028546 
3028547 
3028548 
3028549 
3028550 
3028551 
3028552 
3028553 
3028554 
3028555 
3028556 
3028557 
3028558 
3028559 
3028560 
3028561 
3028562 
3028563 
3028564 
3028565 
3028566 
3028567 
3028568 
3028569 
3028570 
3028571 
3028572 
3028573 
3028574 
3028575 
3028576 
3028577 
3028578 
3028579 
3028580 
3028581 
3028582 
3028583 
3028584 
3028585 
3028586 
3028587 
3028588 
3028589 
3028590 
3028591 
3028592 
3028593 
3028594 
3028595 
3028596 
3028597 
3028598 
3028599 
3028600 
3028601 
3028602 
3028603 
3028604 
3028605 
3028606 
3028607 
3028608 
3028609 
3028610 
3028611 
3028612 
3028613 
3028614 
3028615 
3028616 
3028617 
3028618 
3028619 
3028620 
3028621 
3028622 
3028623 
3028624 
3028625 
3028626 
3028627 
3028628 
3028629 
3028630 
3028631 
3028632 
3028633 
3028634 
3028635 
3028636 
3028637 
3028638 
3028639 
3028640 
3028641 
3028642 
3028643 
3028644 
3028645 
3028646 
3028647 
3028648 
3028649 
3028650 
3028651 
3028652 
3028653 
3028654 
3028655 
3028656 
3028657 
3028658 
3028659 
3028660 
3028661 
3028662 
3028663 
3028664 
3028665 
3028666 
3028667 
3028668 
3028669 
3028670 
3028671 
3028672 
3028673 
3028674 
3028675 
3028676 
3028677 
3028678 
3028679 
3028680 
3028681 
3028682 
3028683 
3028684 
3028685 
3028686 
3028687 
3028688 
3028689 
3028690 
3028691 
3028692 
3028693 
3028694 
3028695 
3028696 
3028697 
3028698 
3028699 
3028700 
3028701 
3028702 
3028703 
3028704 
3028705 
3028706 
3028707 
3028708 
3028709 
3028710 
3028711 
3028712 
3028713 
3028714 
3028715 
3028716 
3028717 
3028718 
3028719 
3028720 
3028721 
3028722 
3028723 
3028724 
3028725 
3028726 
3028727 
3028728 
3028729 
3028730 
3028731 
3028732 
3028733 
3028734 
3028735 
3028736 
3028737 
3028738 
3028739 
3028740 
3028741 
3028742 
3028743 
3028744 
3028745 
3028746 
3028747 
3028748 
3028749 
3028750 
3028751 
3028752 
3028753 
3028754 
3028755 
3028756 
3028757 
3028758 
3028759 
3028760 
3028761 
3028762 
3028763 
3028764 
3028765 
3028766 
3028767 
3028768 
3028769 
3028770 
3028771 
3028772 
3028773 
3028774 
3028775 
3028776 
3028777 
3028778 
3028779 
3028780 
3028781 
3028782 
3028783 
3028784 
3028785 
3028786 
3028787 
3028788 
3028789 
3028790 
3028791 
3028792 
3028793 
3028794 
3028795 
3028796 
3028797 
3028798 
3028799 
3028800 
3028801 
3028802 
3028803 
3028804 
3028805 
3028806 
3028807 
3028808 
3028809 
3028810 
3028811 
3028812 
3028813 
3028814 
3028815 
3028816 
3028817 
3028818 
3028819 
3028820 
3028821 
3028822 
3028823 
3028824 
3028825 
3028826 
3028827 
3028828 
3028829 
3028830 
3028831 
3028832 
3028833 
3028834 
3028835 
3028836 
3028837 
3028838 
3028839 
3028840 
3028841 
3028842 
3028843 
3028844 
3028845 
3028846 
3028847 
3028848 
3028849 
3028850 
3028851 
3028852 
3028853 
3028854 
3028855 
3028856 
3028857 
3028858 
3028859 
3028860 
3028861 
3028862 
3028863 
3028864 
3028865 
3028866 
3028867 
3028868 
3028869 
3028870 
3028871 
3028872 
3028873 
3028874 
3028875 
3028876 
3028877 
3028878 
3028879 
3028880 
3028881 
3028882 
3028883 
3028884 
3028885 
3028886 
3028887 
3028888 
3028889 
3028890 
3028891 
3028892 
3028893 
3028894 
3028895 
3028896 
3028897 
3028898 
3028899 
3028900 
3028901 
3028902 
3028903 
3028904 
3028905 
3028906 
3028907 
3028908 
3028909 
3028910 
3028911 
3028912 
3028913 
3028914 
3028915 
3028916 
3028917 
3028918 
3028919 
3028920 
3028921 
3028922 
3028923 
3028924 
3028925 
3028926 
3028927 
3028928 
3028929 
3028930 
3028931 
3028932 
3028933 
3028934 
3028935 
3028936 
3028937 
3028938 
3028939 
3028940 
3028941 
3028942 
3028943 
3028944 
3028945 
3028946 
3028947 
3028948 
3028949 
3028950 
3028951 
3028952 
3028953 
3028954 
3028955 
3028956 
3028957 
3028958 
3028959 
3028960 
3028961 
3028962 
3028963 
3028964 
3028965 
3028966 
3028967 
3028968 
3028969 
3028970 
3028971 
3028972 
3028973 
3028974 
3028975 
3028976 
3028977 
3028978 
3028979 
3028980 
3028981 
3028982 
3028983 
3028984 
3028985 
3028986 
3028987 
3028988 
3028989 
3028990 
3028991 
3028992 
3028993 
3028994 
3028995 
3028996 
3028997 
3028998 
3028999 
3029000 
3029001 
3029002 
3029003 
3029004 
3029005 
3029006 
3029007 
3029008 
3029009 
3029010 
3029011 
3029012 
3029013 
3029014 
3029015 
3029016 
3029017 
3029018 
3029019 
3029020 
3029021 
3029022 
3029023 
3029024 
3029025 
3029026 
3029027 
3029028 
3029029 
3029030 
3029031 
3029032 
3029033 
3029034 
3029035 
3029036 
3029037 
3029038 
3029039 
3029040 
3029041 
3029042 
3029043 
3029044 
3029045 
3029046 
3029047 
3029048 
3029049 
3029050 
3029051 
3029052 
3029053 
3029054 
3029055 
3029056 
3029057 
3029058 
3029059 
3029060 
3029061 
3029062 
3029063 
3029064 
3029065 
3029066 
3029067 
3029068 
3029069 
3029070 
3029071 
3029072 
3029073 
3029074 
3029075 
3029076 
3029077 
3029078 
3029079 
3029080 
3029081 
3029082 
3029083 
3029084 
3029085 
3029086 
3029087 
3029088 
3029089 
3029090 
3029091 
3029092 
3029093 
3029094 
3029095 
3029096 
3029097 
3029098 
3029099 
3029100 
3029101 
3029102 
3029103 
3029104 
3029105 
3029106 
3029107 
3029108 
3029109 
3029110 
3029111 
3029112 
3029113 
3029114 
3029115 
3029116 
3029117 
3029118 
3029119 
3029120 
3029121 
3029122 
3029123 
3029124 
3029125 
3029126 
3029127 
3029128 
3029129 
3029130 
3029131 
3029132 
3029133 
3029134 
3029135 
3029136 
3029137 
3029138 
3029139 
3029140 
3029141 
3029142 
3029143 
3029144 
3029145 
3029146 
3029147 
3029148 
3029149 
3029150 
3029151 
3029152 
3029153 
3029154 
3029155 
3029156 
3029157 
3029158 
3029159 
3029160 
3029161 
3029162 
3029163 
3029164 
3029165 
3029166 
3029167 
3029168 
3029169 
3029170 
3029171 
3029172 
3029173 
3029174 
3029175 
3029176 
3029177 
3029178 
3029179 
3029180 
3029181 
3029182 
3029183 
3029184 
3029185 
3029186 
3029187 
3029188 
3029189 
3029190 
3029191 
3029192 
3029193 
3029194 
3029195 
3029196 
3029197 
3029198 
3029199 
3029200 
3029201 
3029202 
3029203 
3029204 
3029205 
3029206 
3029207 
3029208 
3029209 
3029210 
3029211 
3029212 
3029213 
3029214 
3029215 
3029216 
3029217 
3029218 
3029219 
3029220 
3029221 
3029222 
3029223 
3029224 
3029225 
3029226 
3029227 
3029228 
3029229 
3029230 
3029231 
3029232 
3029233 
3029234 
3029235 
3029236 
3029237 
3029238 
3029239 
3029240 
3029241 
3029242 
3029243 
3029244 
3029245 
3029246 
3029247 
3029248 
3029249 
3029250 
3029251 
3029252 
3029253 
3029254 
3029255 
3029256 
3029257 
3029258 
3029259 
3029260 
3029261 
3029262 
3029263 
3029264 
3029265 
3029266 
3029267 
3029268 
3029269 
3029270 
3029271 
3029272 
3029273 
3029274 
3029275 
3029276 
3029277 
3029278 
3029279 
3029280 
3029281 
3029282 
3029283 
3029284 
3029285 
3029286 
3029287 
3029288 
3029289 
3029290 
3029291 
3029292 
3029293 
3029294 
3029295 
3029296 
3029297 
3029298 
3029299 
3029300 
3029301 
3029302 
3029303 
3029304 
3029305 
3029306 
3029307 
3029308 
3029309 
3029310 
3029311 
3029312 
3029313 
3029314 
3029315 
3029316 
3029317 
3029318 
3029319 
3029320 
3029321 
3029322 
3029323 
3029324 
3029325 
3029326 
3029327 
3029328 
3029329 
3029330 
3029331 
3029332 
3029333 
3029334 
3029335 
3029336 
3029337 
3029338 
3029339 
3029340 
3029341 
3029342 
3029343 
3029344 
3029345 
3029346 
3029347 
3029348 
3029349 
3029350 
3029351 
3029352 
3029353 
3029354 
3029355 
3029356 
3029357 
3029358 
3029359 
3029360 
3029361 
3029362 
3029363 
3029364 
3029365 
3029366 
3029367 
3029368 
3029369 
3029370 
3029371 
3029372 
3029373 
3029374 
3029375 
3029376 
3029377 
3029378 
3029379 
3029380 
3029381 
3029382 
3029383 
3029384 
3029385 
3029386 
3029387 
3029388 
3029389 
3029390 
3029391 
3029392 
3029393 
3029394 
3029395 
3029396 
3029397 
3029398 
3029399 
3029400 
3029401 
3029402 
3029403 
3029404 
3029405 
3029406 
3029407 
3029408 
3029409 
3029410 
3029411 
3029412 
3029413 
3029414 
3029415 
3029416 
3029417 
3029418 
3029419 
3029420 
3029421 
3029422 
3029423 
3029424 
3029425 
3029426 
3029427 
3029428 
3029429 
3029430 
3029431 
3029432 
3029433 
3029434 
3029435 
3029436 
3029437 
3029438 
3029439 
3029440 
3029441 
3029442 
3029443 
3029444 
3029445 
3029446 
3029447 
3029448 
3029449 
3029450 
3029451 
3029452 
3029453 
3029454 
3029455 
3029456 
3029457 
3029458 
3029459 
3029460 
3029461 
3029462 
3029463 
3029464 
3029465 
3029466 
3029467 
3029468 
3029469 
3029470 
3029471 
3029472 
3029473 
3029474 
3029475 
3029476 
3029477 
3029478 
3029479 
3029480 
3029481 
3029482 
3029483 
3029484 
3029485 
3029486 
3029487 
3029488 
3029489 
3029490 
3029491 
3029492 
3029493 
3029494 
3029495 
3029496 
3029497 
3029498 
3029499 
3029500 
3029501 
3029502 
3029503 
3029504 
3029505 
3029506 
3029507 
3029508 
3029509 
3029510 
3029511 
3029512 
3029513 
3029514 
3029515 
3029516 
3029517 
3029518 
3029519 
3029520 
3029521 
3029522 
3029523 
3029524 
3029525 
3029526 
3029527 
3029528 
3029529 
3029530 
3029531 
3029532 
3029533 
3029534 
3029535 
3029536 
3029537 
3029538 
3029539 
3029540 
3029541 
3029542 
3029543 
3029544 
3029545 
3029546 
3029547 
3029548 
3029549 
3029550 
3029551 
3029552 
3029553 
3029554 
3029555 
3029556 
3029557 
3029558 
3029559 
3029560 
3029561 
3029562 
3029563 
3029564 
3029565 
3029566 
3029567 
3029568 
3029569 
3029570 
3029571 
3029572 
3029573 
3029574 
3029575 
3029576 
3029577 
3029578 
3029579 
3029580 
3029581 
3029582 
3029583 
3029584 
3029585 
3029586 
3029587 
3029588 
3029589 
3029590 
3029591 
3029592 
3029593 
3029594 
3029595 
3029596 
3029597 
3029598 
3029599 
3029600 
3029601 
3029602 
3029603 
3029604 
3029605 
3029606 
3029607 
3029608 
3029609 
3029610 
3029611 
3029612 
3029613 
3029614 
3029615 
3029616 
3029617 
3029618 
3029619 
3029620 
3029621 
3029622 
3029623 
3029624 
3029625 
3029626 
3029627 
3029628 
3029629 
3029630 
3029631 
3029632 
3029633 
3029634 
3029635 
3029636 
3029637 
3029638 
3029639 
3029640 
3029641 
3029642 
3029643 
3029644 
3029645 
3029646 
3029647 
3029648 
3029649 
3029650 
3029651 
3029652 
3029653 
3029654 
3029655 
3029656 
3029657 
3029658 
3029659 
3029660 
3029661 
3029662 
3029663 
3029664 
3029665 
3029666 
3029667 
3029668 
3029669 
3029670 
3029671 
3029672 
3029673 
3029674 
3029675 
3029676 
3029677 
3029678 
3029679 
3029680 
3029681 
3029682 
3029683 
3029684 
3029685 
3029686 
3029687 
3029688 
3029689 
3029690 
3029691 
3029692 
3029693 
3029694 
3029695 
3029696 
3029697 
3029698 
3029699 
3029700 
3029701 
3029702 
3029703 
3029704 
3029705 
3029706 
3029707 
3029708 
3029709 
3029710 
3029711 
3029712 
3029713 
3029714 
3029715 
3029716 
3029717 
3029718 
3029719 
3029720 
3029721 
3029722 
3029723 
3029724 
3029725 
3029726 
3029727 
3029728 
3029729 
3029730 
3029731 
3029732 
3029733 
3029734 
3029735 
3029736 
3029737 
3029738 
3029739 
3029740 
3029741 
3029742 
3029743 
3029744 
3029745 
3029746 
3029747 
3029748 
3029749 
3029750 
3029751 
3029752 
3029753 
3029754 
3029755 
3029756 
3029757 
3029758 
3029759 
3029760 
3029761 
3029762 
3029763 
3029764 
3029765 
3029766 
3029767 
3029768 
3029769 
3029770 
3029771 
3029772 
3029773 
3029774 
3029775 
3029776 
3029777 
3029778 
3029779 
3029780 
3029781 
3029782 
3029783 
3029784 
3029785 
3029786 
3029787 
3029788 
3029789 
3029790 
3029791 
3029792 
3029793 
3029794 
3029795 
3029796 
3029797 
3029798 
3029799 
3029800 
3029801 
3029802 
3029803 
3029804 
3029805 
3029806 
3029807 
3029808 
3029809 
3029810 
3029811 
3029812 
3029813 
3029814 
3029815 
3029816 
3029817 
3029818 
3029819 
3029820 
3029821 
3029822 
3029823 
3029824 
3029825 
3029826 
3029827 
3029828 
3029829 
3029830 
3029831 
3029832 
3029833 
3029834 
3029835 
3029836 
3029837 
3029838 
3029839 
3029840 
3029841 
3029842 
3029843 
3029844 
3029845 
3029846 
3029847 
3029848 
3029849 
3029850 
3029851 
3029852 
3029853 
3029854 
3029855 
3029856 
3029857 
3029858 
3029859 
3029860 
3029861 
3029862 
3029863 
3029864 
3029865 
3029866 
3029867 
3029868 
3029869 
3029870 
3029871 
3029872 
3029873 
3029874 
3029875 
3029876 
3029877 
3029878 
3029879 
3029880 
3029881 
3029882 
3029883 
3029884 
3029885 
3029886 
3029887 
3029888 
3029889 
3029890 
3029891 
3029892 
3029893 
3029894 
3029895 
3029896 
3029897 
3029898 
3029899 
3029900 
3029901 
3029902 
3029903 
3029904 
3029905 
3029906 
3029907 
3029908 
3029909 
3029910 
3029911 
3029912 
3029913 
3029914 
3029915 
3029916 
3029917 
3029918 
3029919 
3029920 
3029921 
3029922 
3029923 
3029924 
3029925 
3029926 
3029927 
3029928 
3029929 
3029930 
3029931 
3029932 
3029933 
3029934 
3029935 
3029936 
3029937 
3029938 
3029939 
3029940 
3029941 
3029942 
3029943 
3029944 
3029945 
3029946 
3029947 
3029948 
3029949 
3029950 
3029951 
3029952 
3029953 
3029954 
3029955 
3029956 
3029957 
3029958 
3029959 
3029960 
3029961 
3029962 
3029963 
3029964 
3029965 
3029966 
3029967 
3029968 
3029969 
3029970 
3029971 
3029972 
3029973 
3029974 
3029975 
3029976 
3029977 
3029978 
3029979 
3029980 
3029981 
3029982 
3029983 
3029984 
3029985 
3029986 
3029987 
3029988 
3029989 
3029990 
3029991 
3029992 
3029993 
3029994 
3029995 
3029996 
3029997 
3029998 
3029999 
)

// ************************************************************************* //
