/*--------------------------------*- C++ -*----------------------------------*\
  =========                 |
  \\      /  F ield         | OpenFOAM: The Open Source CFD Toolbox
   \\    /   O peration     | Website:  https://openfoam.org
    \\  /    A nd           | Version:  7
     \\/     M anipulation  |
\*---------------------------------------------------------------------------*/
FoamFile
{
    version     2.0;
    format      ascii;
    class       faceList;
    location    "constant/wallFilmRegion/polyMesh";
    object      faces;
}
// * * * * * * * * * * * * * * * * * * * * * * * * * * * * * * * * * * * * * //


830
(
4(1 2 233 232)
4(2 3 234 233)
4(4 5 236 235)
4(5 2 233 236)
4(6 7 238 237)
4(7 5 236 238)
4(8 9 240 239)
4(9 7 238 240)
4(10 11 242 241)
4(11 9 240 242)
4(12 13 244 243)
4(13 11 242 244)
4(14 15 246 245)
4(15 13 244 246)
4(16 17 248 247)
4(17 15 246 248)
4(18 19 250 249)
4(19 17 248 250)
4(21 19 250 252)
4(2 22 253 233)
4(22 23 254 253)
4(5 24 255 236)
4(24 22 253 255)
4(7 25 256 238)
4(25 24 255 256)
4(9 26 257 240)
4(26 25 256 257)
4(11 27 258 242)
4(27 26 257 258)
4(13 28 259 244)
4(28 27 258 259)
4(15 29 260 246)
4(29 28 259 260)
4(17 30 261 248)
4(30 29 260 261)
4(19 31 262 250)
4(31 30 261 262)
4(32 31 262 263)
4(22 33 264 253)
4(33 34 265 264)
4(24 35 266 255)
4(35 33 264 266)
4(25 36 267 256)
4(36 35 266 267)
4(26 37 268 257)
4(37 36 267 268)
4(27 38 269 258)
4(38 37 268 269)
4(28 39 270 259)
4(39 38 269 270)
4(29 40 271 260)
4(40 39 270 271)
4(30 41 272 261)
4(41 40 271 272)
4(31 42 273 262)
4(42 41 272 273)
4(43 42 273 274)
4(33 44 275 264)
4(44 45 276 275)
4(35 46 277 266)
4(46 44 275 277)
4(36 47 278 267)
4(47 46 277 278)
4(37 48 279 268)
4(48 47 278 279)
4(38 49 280 269)
4(49 48 279 280)
4(39 50 281 270)
4(50 49 280 281)
4(40 51 282 271)
4(51 50 281 282)
4(41 52 283 272)
4(52 51 282 283)
4(42 53 284 273)
4(53 52 283 284)
4(54 53 284 285)
4(44 55 286 275)
4(55 56 287 286)
4(46 57 288 277)
4(57 55 286 288)
4(47 58 289 278)
4(58 57 288 289)
4(48 59 290 279)
4(59 58 289 290)
4(49 60 291 280)
4(60 59 290 291)
4(50 61 292 281)
4(61 60 291 292)
4(51 62 293 282)
4(62 61 292 293)
4(52 63 294 283)
4(63 62 293 294)
4(53 64 295 284)
4(64 63 294 295)
4(65 64 295 296)
4(55 66 297 286)
4(66 67 298 297)
4(57 68 299 288)
4(68 66 297 299)
4(58 69 300 289)
4(69 68 299 300)
4(59 70 301 290)
4(70 69 300 301)
4(60 71 302 291)
4(71 70 301 302)
4(61 72 303 292)
4(72 71 302 303)
4(62 73 304 293)
4(73 72 303 304)
4(63 74 305 294)
4(74 73 304 305)
4(64 75 306 295)
4(75 74 305 306)
4(76 75 306 307)
4(66 77 308 297)
4(77 78 309 308)
4(68 79 310 299)
4(79 77 308 310)
4(69 80 311 300)
4(80 79 310 311)
4(70 81 312 301)
4(81 80 311 312)
4(71 82 313 302)
4(82 81 312 313)
4(72 83 314 303)
4(83 82 313 314)
4(73 84 315 304)
4(84 83 314 315)
4(74 85 316 305)
4(85 84 315 316)
4(75 86 317 306)
4(86 85 316 317)
4(87 86 317 318)
4(77 88 319 308)
4(88 89 320 319)
4(79 90 321 310)
4(90 88 319 321)
4(80 91 322 311)
4(91 90 321 322)
4(81 92 323 312)
4(92 91 322 323)
4(82 93 324 313)
4(93 92 323 324)
4(83 94 325 314)
4(94 93 324 325)
4(84 95 326 315)
4(95 94 325 326)
4(85 96 327 316)
4(96 95 326 327)
4(86 97 328 317)
4(97 96 327 328)
4(98 97 328 329)
4(88 99 330 319)
4(99 100 331 330)
4(90 101 332 321)
4(101 99 330 332)
4(91 102 333 322)
4(102 101 332 333)
4(92 103 334 323)
4(103 102 333 334)
4(93 104 335 324)
4(104 103 334 335)
4(94 105 336 325)
4(105 104 335 336)
4(95 106 337 326)
4(106 105 336 337)
4(96 107 338 327)
4(107 106 337 338)
4(97 108 339 328)
4(108 107 338 339)
4(109 108 339 340)
4(99 110 341 330)
4(110 111 342 341)
4(101 112 343 332)
4(112 110 341 343)
4(102 113 344 333)
4(113 112 343 344)
4(103 114 345 334)
4(114 113 344 345)
4(104 115 346 335)
4(115 114 345 346)
4(105 116 347 336)
4(116 115 346 347)
4(106 117 348 337)
4(117 116 347 348)
4(107 118 349 338)
4(118 117 348 349)
4(108 119 350 339)
4(119 118 349 350)
4(120 119 350 351)
4(110 121 352 341)
4(121 122 353 352)
4(112 123 354 343)
4(123 121 352 354)
4(113 124 355 344)
4(124 123 354 355)
4(114 125 356 345)
4(125 124 355 356)
4(115 126 357 346)
4(126 125 356 357)
4(116 127 358 347)
4(127 126 357 358)
4(117 128 359 348)
4(128 127 358 359)
4(118 129 360 349)
4(129 128 359 360)
4(119 130 361 350)
4(130 129 360 361)
4(131 130 361 362)
4(121 132 363 352)
4(132 133 364 363)
4(123 134 365 354)
4(134 132 363 365)
4(124 135 366 355)
4(135 134 365 366)
4(125 136 367 356)
4(136 135 366 367)
4(126 137 368 357)
4(137 136 367 368)
4(127 138 369 358)
4(138 137 368 369)
4(128 139 370 359)
4(139 138 369 370)
4(129 140 371 360)
4(140 139 370 371)
4(130 141 372 361)
4(141 140 371 372)
4(142 141 372 373)
4(132 143 374 363)
4(143 144 375 374)
4(134 145 376 365)
4(145 143 374 376)
4(135 146 377 366)
4(146 145 376 377)
4(136 147 378 367)
4(147 146 377 378)
4(137 148 379 368)
4(148 147 378 379)
4(138 149 380 369)
4(149 148 379 380)
4(139 150 381 370)
4(150 149 380 381)
4(140 151 382 371)
4(151 150 381 382)
4(141 152 383 372)
4(152 151 382 383)
4(153 152 383 384)
4(143 154 385 374)
4(154 155 386 385)
4(145 156 387 376)
4(156 154 385 387)
4(146 157 388 377)
4(157 156 387 388)
4(147 158 389 378)
4(158 157 388 389)
4(148 159 390 379)
4(159 158 389 390)
4(149 160 391 380)
4(160 159 390 391)
4(150 161 392 381)
4(161 160 391 392)
4(151 162 393 382)
4(162 161 392 393)
4(152 163 394 383)
4(163 162 393 394)
4(164 163 394 395)
4(154 165 396 385)
4(165 166 397 396)
4(156 167 398 387)
4(167 165 396 398)
4(157 168 399 388)
4(168 167 398 399)
4(158 169 400 389)
4(169 168 399 400)
4(159 170 401 390)
4(170 169 400 401)
4(160 171 402 391)
4(171 170 401 402)
4(161 172 403 392)
4(172 171 402 403)
4(162 173 404 393)
4(173 172 403 404)
4(163 174 405 394)
4(174 173 404 405)
4(175 174 405 406)
4(165 176 407 396)
4(176 177 408 407)
4(167 178 409 398)
4(178 176 407 409)
4(168 179 410 399)
4(179 178 409 410)
4(169 180 411 400)
4(180 179 410 411)
4(170 181 412 401)
4(181 180 411 412)
4(171 182 413 402)
4(182 181 412 413)
4(172 183 414 403)
4(183 182 413 414)
4(173 184 415 404)
4(184 183 414 415)
4(174 185 416 405)
4(185 184 415 416)
4(186 185 416 417)
4(176 187 418 407)
4(187 188 419 418)
4(178 189 420 409)
4(189 187 418 420)
4(179 190 421 410)
4(190 189 420 421)
4(180 191 422 411)
4(191 190 421 422)
4(181 192 423 412)
4(192 191 422 423)
4(182 193 424 413)
4(193 192 423 424)
4(183 194 425 414)
4(194 193 424 425)
4(184 195 426 415)
4(195 194 425 426)
4(185 196 427 416)
4(196 195 426 427)
4(197 196 427 428)
4(187 198 429 418)
4(198 199 430 429)
4(189 200 431 420)
4(200 198 429 431)
4(190 201 432 421)
4(201 200 431 432)
4(191 202 433 422)
4(202 201 432 433)
4(192 203 434 423)
4(203 202 433 434)
4(193 204 435 424)
4(204 203 434 435)
4(194 205 436 425)
4(205 204 435 436)
4(195 206 437 426)
4(206 205 436 437)
4(196 207 438 427)
4(207 206 437 438)
4(208 207 438 439)
4(198 209 440 429)
4(209 210 441 440)
4(200 211 442 431)
4(211 209 440 442)
4(201 212 443 432)
4(212 211 442 443)
4(202 213 444 433)
4(213 212 443 444)
4(203 214 445 434)
4(214 213 444 445)
4(204 215 446 435)
4(215 214 445 446)
4(205 216 447 436)
4(216 215 446 447)
4(206 217 448 437)
4(217 216 447 448)
4(207 218 449 438)
4(218 217 448 449)
4(219 218 449 450)
4(209 220 451 440)
4(211 222 453 442)
4(212 223 454 443)
4(213 224 455 444)
4(214 225 456 445)
4(215 226 457 446)
4(216 227 458 447)
4(217 228 459 448)
4(218 229 460 449)
4(231 232 233 234)
4(232 235 236 233)
4(235 237 238 236)
4(237 239 240 238)
4(239 241 242 240)
4(241 243 244 242)
4(243 245 246 244)
4(245 247 248 246)
4(247 249 250 248)
4(249 251 252 250)
4(234 233 253 254)
4(233 236 255 253)
4(236 238 256 255)
4(238 240 257 256)
4(240 242 258 257)
4(242 244 259 258)
4(244 246 260 259)
4(246 248 261 260)
4(248 250 262 261)
4(250 252 263 262)
4(254 253 264 265)
4(253 255 266 264)
4(255 256 267 266)
4(256 257 268 267)
4(257 258 269 268)
4(258 259 270 269)
4(259 260 271 270)
4(260 261 272 271)
4(261 262 273 272)
4(262 263 274 273)
4(265 264 275 276)
4(264 266 277 275)
4(266 267 278 277)
4(267 268 279 278)
4(268 269 280 279)
4(269 270 281 280)
4(270 271 282 281)
4(271 272 283 282)
4(272 273 284 283)
4(273 274 285 284)
4(276 275 286 287)
4(275 277 288 286)
4(277 278 289 288)
4(278 279 290 289)
4(279 280 291 290)
4(280 281 292 291)
4(281 282 293 292)
4(282 283 294 293)
4(283 284 295 294)
4(284 285 296 295)
4(287 286 297 298)
4(286 288 299 297)
4(288 289 300 299)
4(289 290 301 300)
4(290 291 302 301)
4(291 292 303 302)
4(292 293 304 303)
4(293 294 305 304)
4(294 295 306 305)
4(295 296 307 306)
4(298 297 308 309)
4(297 299 310 308)
4(299 300 311 310)
4(300 301 312 311)
4(301 302 313 312)
4(302 303 314 313)
4(303 304 315 314)
4(304 305 316 315)
4(305 306 317 316)
4(306 307 318 317)
4(309 308 319 320)
4(308 310 321 319)
4(310 311 322 321)
4(311 312 323 322)
4(312 313 324 323)
4(313 314 325 324)
4(314 315 326 325)
4(315 316 327 326)
4(316 317 328 327)
4(317 318 329 328)
4(320 319 330 331)
4(319 321 332 330)
4(321 322 333 332)
4(322 323 334 333)
4(323 324 335 334)
4(324 325 336 335)
4(325 326 337 336)
4(326 327 338 337)
4(327 328 339 338)
4(328 329 340 339)
4(331 330 341 342)
4(330 332 343 341)
4(332 333 344 343)
4(333 334 345 344)
4(334 335 346 345)
4(335 336 347 346)
4(336 337 348 347)
4(337 338 349 348)
4(338 339 350 349)
4(339 340 351 350)
4(342 341 352 353)
4(341 343 354 352)
4(343 344 355 354)
4(344 345 356 355)
4(345 346 357 356)
4(346 347 358 357)
4(347 348 359 358)
4(348 349 360 359)
4(349 350 361 360)
4(350 351 362 361)
4(353 352 363 364)
4(352 354 365 363)
4(354 355 366 365)
4(355 356 367 366)
4(356 357 368 367)
4(357 358 369 368)
4(358 359 370 369)
4(359 360 371 370)
4(360 361 372 371)
4(361 362 373 372)
4(364 363 374 375)
4(363 365 376 374)
4(365 366 377 376)
4(366 367 378 377)
4(367 368 379 378)
4(368 369 380 379)
4(369 370 381 380)
4(370 371 382 381)
4(371 372 383 382)
4(372 373 384 383)
4(375 374 385 386)
4(374 376 387 385)
4(376 377 388 387)
4(377 378 389 388)
4(378 379 390 389)
4(379 380 391 390)
4(380 381 392 391)
4(381 382 393 392)
4(382 383 394 393)
4(383 384 395 394)
4(386 385 396 397)
4(385 387 398 396)
4(387 388 399 398)
4(388 389 400 399)
4(389 390 401 400)
4(390 391 402 401)
4(391 392 403 402)
4(392 393 404 403)
4(393 394 405 404)
4(394 395 406 405)
4(397 396 407 408)
4(396 398 409 407)
4(398 399 410 409)
4(399 400 411 410)
4(400 401 412 411)
4(401 402 413 412)
4(402 403 414 413)
4(403 404 415 414)
4(404 405 416 415)
4(405 406 417 416)
4(408 407 418 419)
4(407 409 420 418)
4(409 410 421 420)
4(410 411 422 421)
4(411 412 423 422)
4(412 413 424 423)
4(413 414 425 424)
4(414 415 426 425)
4(415 416 427 426)
4(416 417 428 427)
4(419 418 429 430)
4(418 420 431 429)
4(420 421 432 431)
4(421 422 433 432)
4(422 423 434 433)
4(423 424 435 434)
4(424 425 436 435)
4(425 426 437 436)
4(426 427 438 437)
4(427 428 439 438)
4(430 429 440 441)
4(429 431 442 440)
4(431 432 443 442)
4(432 433 444 443)
4(433 434 445 444)
4(434 435 446 445)
4(435 436 447 446)
4(436 437 448 447)
4(437 438 449 448)
4(438 439 450 449)
4(441 440 451 452)
4(440 442 453 451)
4(442 443 454 453)
4(443 444 455 454)
4(444 445 456 455)
4(445 446 457 456)
4(446 447 458 457)
4(447 448 459 458)
4(448 449 460 459)
4(449 450 461 460)
4(0 3 2 1)
4(1 2 5 4)
4(4 5 7 6)
4(6 7 9 8)
4(8 9 11 10)
4(10 11 13 12)
4(12 13 15 14)
4(14 15 17 16)
4(16 17 19 18)
4(18 19 21 20)
4(3 23 22 2)
4(2 22 24 5)
4(5 24 25 7)
4(7 25 26 9)
4(9 26 27 11)
4(11 27 28 13)
4(13 28 29 15)
4(15 29 30 17)
4(17 30 31 19)
4(19 31 32 21)
4(23 34 33 22)
4(22 33 35 24)
4(24 35 36 25)
4(25 36 37 26)
4(26 37 38 27)
4(27 38 39 28)
4(28 39 40 29)
4(29 40 41 30)
4(30 41 42 31)
4(31 42 43 32)
4(34 45 44 33)
4(33 44 46 35)
4(35 46 47 36)
4(36 47 48 37)
4(37 48 49 38)
4(38 49 50 39)
4(39 50 51 40)
4(40 51 52 41)
4(41 52 53 42)
4(42 53 54 43)
4(45 56 55 44)
4(44 55 57 46)
4(46 57 58 47)
4(47 58 59 48)
4(48 59 60 49)
4(49 60 61 50)
4(50 61 62 51)
4(51 62 63 52)
4(52 63 64 53)
4(53 64 65 54)
4(56 67 66 55)
4(55 66 68 57)
4(57 68 69 58)
4(58 69 70 59)
4(59 70 71 60)
4(60 71 72 61)
4(61 72 73 62)
4(62 73 74 63)
4(63 74 75 64)
4(64 75 76 65)
4(67 78 77 66)
4(66 77 79 68)
4(68 79 80 69)
4(69 80 81 70)
4(70 81 82 71)
4(71 82 83 72)
4(72 83 84 73)
4(73 84 85 74)
4(74 85 86 75)
4(75 86 87 76)
4(78 89 88 77)
4(77 88 90 79)
4(79 90 91 80)
4(80 91 92 81)
4(81 92 93 82)
4(82 93 94 83)
4(83 94 95 84)
4(84 95 96 85)
4(85 96 97 86)
4(86 97 98 87)
4(89 100 99 88)
4(88 99 101 90)
4(90 101 102 91)
4(91 102 103 92)
4(92 103 104 93)
4(93 104 105 94)
4(94 105 106 95)
4(95 106 107 96)
4(96 107 108 97)
4(97 108 109 98)
4(100 111 110 99)
4(99 110 112 101)
4(101 112 113 102)
4(102 113 114 103)
4(103 114 115 104)
4(104 115 116 105)
4(105 116 117 106)
4(106 117 118 107)
4(107 118 119 108)
4(108 119 120 109)
4(111 122 121 110)
4(110 121 123 112)
4(112 123 124 113)
4(113 124 125 114)
4(114 125 126 115)
4(115 126 127 116)
4(116 127 128 117)
4(117 128 129 118)
4(118 129 130 119)
4(119 130 131 120)
4(122 133 132 121)
4(121 132 134 123)
4(123 134 135 124)
4(124 135 136 125)
4(125 136 137 126)
4(126 137 138 127)
4(127 138 139 128)
4(128 139 140 129)
4(129 140 141 130)
4(130 141 142 131)
4(133 144 143 132)
4(132 143 145 134)
4(134 145 146 135)
4(135 146 147 136)
4(136 147 148 137)
4(137 148 149 138)
4(138 149 150 139)
4(139 150 151 140)
4(140 151 152 141)
4(141 152 153 142)
4(144 155 154 143)
4(143 154 156 145)
4(145 156 157 146)
4(146 157 158 147)
4(147 158 159 148)
4(148 159 160 149)
4(149 160 161 150)
4(150 161 162 151)
4(151 162 163 152)
4(152 163 164 153)
4(155 166 165 154)
4(154 165 167 156)
4(156 167 168 157)
4(157 168 169 158)
4(158 169 170 159)
4(159 170 171 160)
4(160 171 172 161)
4(161 172 173 162)
4(162 173 174 163)
4(163 174 175 164)
4(166 177 176 165)
4(165 176 178 167)
4(167 178 179 168)
4(168 179 180 169)
4(169 180 181 170)
4(170 181 182 171)
4(171 182 183 172)
4(172 183 184 173)
4(173 184 185 174)
4(174 185 186 175)
4(177 188 187 176)
4(176 187 189 178)
4(178 189 190 179)
4(179 190 191 180)
4(180 191 192 181)
4(181 192 193 182)
4(182 193 194 183)
4(183 194 195 184)
4(184 195 196 185)
4(185 196 197 186)
4(188 199 198 187)
4(187 198 200 189)
4(189 200 201 190)
4(190 201 202 191)
4(191 202 203 192)
4(192 203 204 193)
4(193 204 205 194)
4(194 205 206 195)
4(195 206 207 196)
4(196 207 208 197)
4(199 210 209 198)
4(198 209 211 200)
4(200 211 212 201)
4(201 212 213 202)
4(202 213 214 203)
4(203 214 215 204)
4(204 215 216 205)
4(205 216 217 206)
4(206 217 218 207)
4(207 218 219 208)
4(210 221 220 209)
4(209 220 222 211)
4(211 222 223 212)
4(212 223 224 213)
4(213 224 225 214)
4(214 225 226 215)
4(215 226 227 216)
4(216 227 228 217)
4(217 228 229 218)
4(218 229 230 219)
4(3 0 231 234)
4(23 3 234 254)
4(34 23 254 265)
4(45 34 265 276)
4(56 45 276 287)
4(67 56 287 298)
4(78 67 298 309)
4(89 78 309 320)
4(100 89 320 331)
4(111 100 331 342)
4(122 111 342 353)
4(133 122 353 364)
4(144 133 364 375)
4(155 144 375 386)
4(166 155 386 397)
4(177 166 397 408)
4(188 177 408 419)
4(199 188 419 430)
4(210 199 430 441)
4(221 210 441 452)
4(220 221 452 451)
4(222 220 451 453)
4(223 222 453 454)
4(224 223 454 455)
4(225 224 455 456)
4(226 225 456 457)
4(227 226 457 458)
4(228 227 458 459)
4(229 228 459 460)
4(230 229 460 461)
4(20 21 252 251)
4(21 32 263 252)
4(32 43 274 263)
4(43 54 285 274)
4(54 65 296 285)
4(65 76 307 296)
4(76 87 318 307)
4(87 98 329 318)
4(98 109 340 329)
4(109 120 351 340)
4(120 131 362 351)
4(131 142 373 362)
4(142 153 384 373)
4(153 164 395 384)
4(164 175 406 395)
4(175 186 417 406)
4(186 197 428 417)
4(197 208 439 428)
4(208 219 450 439)
4(219 230 461 450)
4(0 1 232 231)
4(1 4 235 232)
4(4 6 237 235)
4(6 8 239 237)
4(8 10 241 239)
4(10 12 243 241)
4(12 14 245 243)
4(14 16 247 245)
4(16 18 249 247)
4(18 20 251 249)
)


// ************************************************************************* //
