# Source     : particleCollector
# Bins       : 30
# Total area : 0.007845909573
# Geometry   :
#	Bin	(Centre_x Centre_y Centre_z)	Area
#	0	(0.05623338902 0.02702535087 0.005)	3.138363829e-05
#	1	(0.05385244628 0.03030243741 0.005)	3.138363829e-05
#	2	(0.05 0.03155417309 0.005)	3.138363829e-05
#	3	(0.04614755372 0.03030243741 0.005)	3.138363829e-05
#	4	(0.04376661098 0.02702535087 0.005)	3.138363829e-05
#	5	(0.04376661098 0.02297464913 0.005)	3.138363829e-05
#	6	(0.04614755372 0.01969756259 0.005)	3.138363829e-05
#	7	(0.05 0.01844582691 0.005)	3.138363829e-05
#	8	(0.05385244628 0.01969756259 0.005)	3.138363829e-05
#	9	(0.05623338902 0.02297464913 0.005)	3.138363829e-05
#	10	(0.06736444085 0.03064204885 0.005)	0.000164764101
#	11	(0.06073181464 0.03977107565 0.005)	0.000164764101
#	12	(0.05 0.0432580536 0.005)	0.000164764101
#	13	(0.03926818536 0.03977107565 0.005)	0.000164764101
#	14	(0.03263555915 0.03064204885 0.005)	0.000164764101
#	15	(0.03263555915 0.01935795115 0.005)	0.000164764101
#	16	(0.03926818536 0.01022892435 0.005)	0.000164764101
#	17	(0.05 0.006741946397 0.005)	0.000164764101
#	18	(0.06073181464 0.01022892435 0.005)	0.000164764101
#	19	(0.06736444085 0.01935795115 0.005)	0.000164764101
#	20	(0.08636143598 0.03681454673 0.005)	0.000588443218
#	21	(0.07247260331 0.05593088491 0.005)	0.000588443218
#	22	(0.05 0.06323267635 0.005)	0.000588443218
#	23	(0.02752739669 0.05593088491 0.005)	0.000588443218
#	24	(0.01363856402 0.03681454673 0.005)	0.000588443218
#	25	(0.01363856402 0.01318545327 0.005)	0.000588443218
#	26	(0.02752739669 -0.005930884905 0.005)	0.000588443218
#	27	(0.05 -0.01323267635 0.005)	0.000588443218
#	28	(0.07247260331 -0.005930884905 0.005)	0.000588443218
#	29	(0.08636143598 0.01318545327 0.005)	0.000588443218
#
# Output format:
#	Time	bin_0	mass[0]	massFlowRate[0]
#	Time	bin_1	mass[1]	massFlowRate[1]
#	Time	bin_2	mass[2]	massFlowRate[2]
#	Time	bin_3	mass[3]	massFlowRate[3]
#	Time	bin_4	mass[4]	massFlowRate[4]
#	Time	bin_5	mass[5]	massFlowRate[5]
#	Time	bin_6	mass[6]	massFlowRate[6]
#	Time	bin_7	mass[7]	massFlowRate[7]
#	Time	bin_8	mass[8]	massFlowRate[8]
#	Time	bin_9	mass[9]	massFlowRate[9]
#	Time	bin_10	mass[10]	massFlowRate[10]
#	Time	bin_11	mass[11]	massFlowRate[11]
#	Time	bin_12	mass[12]	massFlowRate[12]
#	Time	bin_13	mass[13]	massFlowRate[13]
#	Time	bin_14	mass[14]	massFlowRate[14]
#	Time	bin_15	mass[15]	massFlowRate[15]
#	Time	bin_16	mass[16]	massFlowRate[16]
#	Time	bin_17	mass[17]	massFlowRate[17]
#	Time	bin_18	mass[18]	massFlowRate[18]
#	Time	bin_19	mass[19]	massFlowRate[19]
#	Time	bin_20	mass[20]	massFlowRate[20]
#	Time	bin_21	mass[21]	massFlowRate[21]
#	Time	bin_22	mass[22]	massFlowRate[22]
#	Time	bin_23	mass[23]	massFlowRate[23]
#	Time	bin_24	mass[24]	massFlowRate[24]
#	Time	bin_25	mass[25]	massFlowRate[25]
#	Time	bin_26	mass[26]	massFlowRate[26]
#	Time	bin_27	mass[27]	massFlowRate[27]
#	Time	bin_28	mass[28]	massFlowRate[28]
#	Time	bin_29	mass[29]	massFlowRate[29]
0.0001	0	0	0
0.0001	1	0	0
0.0001	2	0	0
0.0001	3	0	0
0.0001	4	0	0
0.0001	5	0	0
0.0001	6	0	0
0.0001	7	0	0
0.0001	8	0	0
0.0001	9	0	0
0.0001	10	0	0
0.0001	11	0	0
0.0001	12	0	0
0.0001	13	0	0
0.0001	14	0	0
0.0001	15	0	0
0.0001	16	0	0
0.0001	17	0	0
0.0001	18	0	0
0.0001	19	0	0
0.0001	20	0	0
0.0001	21	0	0
0.0001	22	0	0
0.0001	23	0	0
0.0001	24	0	0
0.0001	25	0	0
0.0001	26	0	0
0.0001	27	0	0
0.0001	28	0	0
0.0001	29	0	0
0.0002	0	0	0
0.0002	1	0	0
0.0002	2	0	0
0.0002	3	0	0
0.0002	4	0	0
0.0002	5	0	0
0.0002	6	0	0
0.0002	7	0	0
0.0002	8	0	0
0.0002	9	0	0
0.0002	10	0	0
0.0002	11	0	0
0.0002	12	0	0
0.0002	13	0	0
0.0002	14	0	0
0.0002	15	0	0
0.0002	16	0	0
0.0002	17	0	0
0.0002	18	0	0
0.0002	19	0	0
0.0002	20	0	0
0.0002	21	0	0
0.0002	22	0	0
0.0002	23	0	0
0.0002	24	0	0
0.0002	25	0	0
0.0002	26	0	0
0.0002	27	0	0
0.0002	28	0	0
0.0002	29	0	0
0.0003	0	0	0
0.0003	1	0	0
0.0003	2	0	0
0.0003	3	0	0
0.0003	4	0	0
0.0003	5	0	0
0.0003	6	0	0
0.0003	7	0	0
0.0003	8	0	0
0.0003	9	0	0
0.0003	10	0	0
0.0003	11	0	0
0.0003	12	0	0
0.0003	13	0	0
0.0003	14	0	0
0.0003	15	0	0
0.0003	16	0	0
0.0003	17	0	0
0.0003	18	0	0
0.0003	19	0	0
0.0003	20	0	0
0.0003	21	0	0
0.0003	22	0	0
0.0003	23	0	0
0.0003	24	0	0
0.0003	25	0	0
0.0003	26	0	0
0.0003	27	0	0
0.0003	28	0	0
0.0003	29	0	0
0.0004	0	0	0
0.0004	1	0	0
0.0004	2	0	0
0.0004	3	0	0
0.0004	4	0	0
0.0004	5	0	0
0.0004	6	0	0
0.0004	7	0	0
0.0004	8	0	0
0.0004	9	0	0
0.0004	10	0	0
0.0004	11	0	0
0.0004	12	0	0
0.0004	13	0	0
0.0004	14	0	0
0.0004	15	0	0
0.0004	16	0	0
0.0004	17	0	0
0.0004	18	0	0
0.0004	19	0	0
0.0004	20	0	0
0.0004	21	0	0
0.0004	22	0	0
0.0004	23	0	0
0.0004	24	0	0
0.0004	25	0	0
0.0004	26	0	0
0.0004	27	0	0
0.0004	28	0	0
0.0004	29	0	0
0.0005	0	0	0
0.0005	1	0	0
0.0005	2	0	0
0.0005	3	0	0
0.0005	4	0	0
0.0005	5	0	0
0.0005	6	0	0
0.0005	7	0	0
0.0005	8	0	0
0.0005	9	0	0
0.0005	10	0	0
0.0005	11	0	0
0.0005	12	0	0
0.0005	13	0	0
0.0005	14	0	0
0.0005	15	0	0
0.0005	16	1.593178653e-09	1.062119102e-06
0.0005	17	2.534823406e-09	1.689882271e-06
0.0005	18	1.285239751e-09	8.568265009e-07
0.0005	19	0	0
0.0005	20	0	0
0.0005	21	0	0
0.0005	22	0	0
0.0005	23	0	0
0.0005	24	0	0
0.0005	25	0	0
0.0005	26	0	0
0.0005	27	7.965893265e-09	5.31059551e-06
0.0005	28	9.594728015e-10	6.396485343e-07
0.0005	29	0	0
0.0006	0	0	0
0.0006	1	0	0
0.0006	2	0	0
0.0006	3	0	0
0.0006	4	0	0
0.0006	5	0	0
0.0006	6	6.728902282e-10	3.204239182e-07
0.0006	7	8.562942721e-09	4.077591772e-06
0.0006	8	1.657901173e-09	7.89476749e-07
0.0006	9	5.171261994e-11	2.462505711e-08
0.0006	10	0	0
0.0006	11	0	0
0.0006	12	0	0
0.0006	13	0	0
0.0006	14	0	0
0.0006	15	0	0
0.0006	16	6.779931343e-08	3.258884995e-05
0.0006	17	1.368044516e-07	6.562780047e-05
0.0006	18	6.291526726e-08	3.020445865e-05
0.0006	19	0	0
0.0006	20	0	0
0.0006	21	0	0
0.0006	22	0	0
0.0006	23	0	0
0.0006	24	0	0
0.0006	25	0	0
0.0006	26	6.420280369e-08	3.057276366e-05
0.0006	27	2.290541631e-07	0.000110590724
0.0006	28	6.765054188e-08	3.239730047e-05
0.0006	29	0	0
0.0007	0	0	0
0.0007	1	0	0
0.0007	2	0	0
0.0007	3	0	0
0.0007	4	0	0
0.0007	5	0	0
0.0007	6	1.770572469e-09	7.124532899e-07
0.0007	7	1.558582248e-08	6.585763114e-06
0.0007	8	2.86560313e-09	1.220798876e-06
0.0007	9	9.165780668e-11	3.889119523e-08
0.0007	10	0	0
0.0007	11	0	0
0.0007	12	0	0
0.0007	13	0	0
0.0007	14	0	0
0.0007	15	3.397344019e-10	1.21333715e-07
0.0007	16	1.580378073e-07	6.481688348e-05
0.0007	17	2.673305673e-07	0.0001122442704
0.0007	18	1.371915743e-07	5.673171117e-05
0.0007	19	3.309382833e-10	1.18192244e-07
0.0007	20	0	0
0.0007	21	0	0
0.0007	22	0	0
0.0007	23	0	0
0.0007	24	0	0
0.0007	25	0	0
0.0007	26	1.3767807e-07	5.681393019e-05
0.0007	27	5.073072578e-07	0.0002099668292
0.0007	28	1.456454629e-07	6.02526294e-05
0.0007	29	0	0
0.0008	0	0	0
0.0008	1	0	0
0.0008	2	0	0
0.0008	3	0	0
0.0008	4	0	0
0.0008	5	0	0
0.0008	6	4.056804017e-09	1.347517609e-06
0.0008	7	2.237880313e-08	8.472702184e-06
0.0008	8	4.101857209e-09	1.564202787e-06
0.0008	9	9.165780668e-11	3.889119523e-08
0.0008	10	0	0
0.0008	11	0	0
0.0008	12	0	0
0.0008	13	0	0
0.0008	14	0	0
0.0008	15	5.462987804e-10	1.78712709e-07
0.0008	16	2.325037763e-07	8.550187488e-05
0.0008	17	3.748145465e-07	0.0001421009313
0.0008	18	2.033719097e-07	7.511513767e-05
0.0008	19	6.713745609e-10	2.127578767e-07
0.0008	20	0	0
0.0008	21	0	0
0.0008	22	0	0
0.0008	23	0	0
0.0008	24	0	0
0.0008	25	0	0
0.0008	26	2.014185303e-07	7.45196136e-05
0.0008	27	7.41590795e-07	0.0002750455895
0.0008	28	2.083683507e-07	7.767565378e-05
0.0008	29	0	0
0.0009	0	0	0
0.0009	1	0	0
0.0009	2	0	0
0.0009	3	0	0
0.0009	4	0	0
0.0009	5	0	0
0.0009	6	6.824102348e-09	1.962472794e-06
0.0009	7	3.190764941e-08	1.059022358e-05
0.0009	8	4.913339712e-09	1.744532232e-06
0.0009	9	9.165780668e-11	3.889119523e-08
0.0009	10	0	0
0.0009	11	0	0
0.0009	12	0	0
0.0009	13	0	0
0.0009	14	0	0
0.0009	15	7.018939102e-10	2.132894045e-07
0.0009	16	3.40128281e-07	0.0001094184315
0.0009	17	5.634871805e-07	0.0001840281833
0.0009	18	3.19484493e-07	0.000100917934
0.0009	19	8.20987572e-10	2.460052125e-07
0.0009	20	0	0
0.0009	21	0	0
0.0009	22	0	0
0.0009	23	0	0
0.0009	24	0	0
0.0009	25	0	0
0.0009	26	2.994009925e-07	9.629349409e-05
0.0009	27	1.092975838e-06	0.0003531311546
0.0009	28	3.021162931e-07	9.850852987e-05
0.0009	29	0	0
0.001	0	0	0
0.001	1	0	0
0.001	2	0	0
0.001	3	0	0
0.001	4	0	0
0.001	5	1.068696713e-10	1.943084932e-08
0.001	6	8.353870884e-09	2.240612528e-06
0.001	7	4.109788e-08	1.22611746e-05
0.001	8	7.211277236e-09	2.162339055e-06
0.001	9	2.507178517e-10	6.781120341e-08
0.001	10	0	0
0.001	11	0	0
0.001	12	0	0
0.001	13	0	0
0.001	14	0	0
0.001	15	8.587274194e-10	2.41804588e-07
0.001	16	4.549145189e-07	0.0001302886566
0.001	17	7.303852892e-07	0.000214373294
0.001	18	4.236882289e-07	0.0001198640678
0.001	19	1.2192413e-09	3.184149813e-07
0.001	20	0	0
0.001	21	0	0
0.001	22	0	0
0.001	23	0	0
0.001	24	0	0
0.001	25	0	0
0.001	26	3.98335497e-07	0.0001142815858
0.001	27	1.393912743e-06	0.0004078469554
0.001	28	3.966766925e-07	0.0001157013298
0.001	29	0	0
0.0011	0	0	0
0.0011	1	0	0
0.0011	2	0	0
0.0011	3	0	0
0.0011	4	0	0
0.0011	5	1.664629256e-10	2.846013027e-08
0.0011	6	9.880872453e-09	2.471976402e-06
0.0011	7	4.544053819e-08	1.291915311e-05
0.0011	8	8.919037717e-09	2.421090643e-06
0.0011	9	2.507178517e-10	6.781120341e-08
0.0011	10	0	0
0.0011	11	0	0
0.0011	12	0	0
0.0011	13	0	0
0.0011	14	0	0
0.0011	15	9.291300253e-10	2.524716495e-07
0.0011	16	5.212879765e-07	0.0001403452411
0.0011	17	8.387110657e-07	0.0002307862904
0.0011	18	4.918650313e-07	0.0001301938863
0.0011	19	1.937940015e-09	4.27308726e-07
0.0011	20	0	0
0.0011	21	0	0
0.0011	22	0	0
0.0011	23	0	0
0.0011	24	0	0
0.0011	25	0	0
0.0011	26	4.617690661e-07	0.0001238927326
0.0011	27	1.601093497e-06	0.0004392379787
0.0011	28	4.604449078e-07	0.0001253631806
0.0011	29	0	0
0.0012	0	0	0
0.0012	1	0	0
0.0012	2	0	0
0.0012	3	0	0
0.0012	4	0	0
0.0012	5	1.664629256e-10	2.846013027e-08
0.0012	6	1.046222298e-08	2.546508521e-06
0.0012	7	4.889345681e-08	1.336183498e-05
0.0012	8	9.818088565e-09	2.536353572e-06
0.0012	9	2.507178517e-10	6.781120341e-08
0.0012	10	0	0
0.0012	11	0	0
0.0012	12	0	0
0.0012	13	0	0
0.0012	14	0	0
0.0012	15	1.075549995e-09	2.712434405e-07
0.0012	16	5.678152319e-07	0.0001463102738
0.0012	17	9.198494438e-07	0.0002411886466
0.0012	18	5.443543502e-07	0.0001369232862
0.0012	19	2.16202753e-09	4.560378946e-07
0.0012	20	0	0
0.0012	21	0	0
0.0012	22	0	0
0.0012	23	0	0
0.0012	24	0	0
0.0012	25	0	0
0.0012	26	5.078325088e-07	0.0001297983022
0.0012	27	1.745028116e-06	0.000457691135
0.0012	28	5.1802954e-07	0.0001327458257
0.0012	29	0	0
0.0013	0	0	0
0.0013	1	0	0
0.0013	2	0	0
0.0013	3	0	0
0.0013	4	0	0
0.0013	5	1.664629256e-10	2.846013027e-08
0.0013	6	1.120405765e-08	2.628028814e-06
0.0013	7	5.339349011e-08	1.385634413e-05
0.0013	8	1.12364216e-08	2.692214345e-06
0.0013	9	2.507178517e-10	6.781120341e-08
0.0013	10	0	0
0.0013	11	0	0
0.0013	12	0	0
0.0013	13	0	0
0.0013	14	0	0
0.0013	15	1.152140443e-09	2.796599732e-07
0.0013	16	6.149419341e-07	0.0001514890323
0.0013	17	1.007988812e-06	0.0002508742915
0.0013	18	5.915696917e-07	0.0001421117853
0.0013	19	2.197801421e-09	4.599690914e-07
0.0013	20	0	0
0.0013	21	0	0
0.0013	22	0	0
0.0013	23	0	0
0.0013	24	0	0
0.0013	25	0	0
0.0013	26	5.599214738e-07	0.0001355223643
0.0013	27	1.902718899e-06	0.0004750197925
0.0013	28	5.65254065e-07	0.0001379353339
0.0013	29	0	0
0.0014	0	0	0
0.0014	1	0	0
0.0014	2	0	0
0.0014	3	0	0
0.0014	4	0	0
0.0014	5	1.664629256e-10	2.846013027e-08
0.0014	6	1.184500728e-08	2.689071636e-06
0.0014	7	5.937350133e-08	1.442586901e-05
0.0014	8	1.248721072e-08	2.811337118e-06
0.0014	9	2.507178517e-10	6.781120341e-08
0.0014	10	0	0
0.0014	11	0	0
0.0014	12	0	0
0.0014	13	0	0
0.0014	14	0	0
0.0014	15	1.502414096e-09	3.130193688e-07
0.0014	16	6.704705578e-07	0.0001567774726
0.0014	17	1.097329455e-06	0.0002593829241
0.0014	18	6.510624573e-07	0.000147777763
0.0014	19	2.397860308e-09	4.790223188e-07
0.0014	20	0	0
0.0014	21	0	0
0.0014	22	0	0
0.0014	23	0	0
0.0014	24	0	0
0.0014	25	0	0
0.0014	26	6.09771087e-07	0.0001402699465
0.0014	27	2.077852683e-06	0.0004916992005
0.0014	28	6.187077227e-07	0.0001430261584
0.0014	29	0	0
0.0015	0	0	0
0.0015	1	0	0
0.0015	2	0	0
0.0015	3	0	0
0.0015	4	0	0
0.0015	5	1.664629256e-10	2.846013027e-08
0.0015	6	1.369995577e-08	2.843650677e-06
0.0015	7	6.233597495e-08	1.467274181e-05
0.0015	8	1.33607591e-08	2.884132816e-06
0.0015	9	3.426102401e-10	7.546890244e-08
0.0015	10	0	0
0.0015	11	0	0
0.0015	12	0	0
0.0015	13	0	0
0.0015	14	0	0
0.0015	15	1.528474146e-09	3.151910396e-07
0.0015	16	7.243207134e-07	0.0001612649856
0.0015	17	1.171980535e-06	0.0002656038475
0.0015	18	6.975767265e-07	0.0001516539521
0.0015	19	2.568044539e-09	4.932043381e-07
0.0015	20	0	0
0.0015	21	0	0
0.0015	22	0	0
0.0015	23	0	0
0.0015	24	0	0
0.0015	25	0	0
0.0015	26	6.57741272e-07	0.0001442674619
0.0015	27	2.232927862e-06	0.0005046221321
0.0015	28	6.60100755e-07	0.0001464755778
0.0015	29	0	0
0.0016	0	0	0
0.0016	1	0	0
0.0016	2	0	0
0.0016	3	0	0
0.0016	4	0	0
0.0016	5	1.664629256e-10	2.846013027e-08
0.0016	6	1.503372184e-08	2.941721711e-06
0.0016	7	6.573268179e-08	1.492249967e-05
0.0016	8	1.438618491e-08	2.959531773e-06
0.0016	9	3.426102401e-10	7.546890244e-08
0.0016	10	0	0
0.0016	11	0	0
0.0016	12	0	0
0.0016	13	0	0
0.0016	14	0	0
0.0016	15	1.768055846e-09	3.328073411e-07
0.0016	16	7.585560319e-07	0.0001637822884
0.0016	17	1.221531516e-06	0.000269247302
0.0016	18	7.286048013e-07	0.0001539354282
0.0016	19	2.568044539e-09	4.932043381e-07
0.0016	20	0	0
0.0016	21	0	0
0.0016	22	0	0
0.0016	23	0	0
0.0016	24	0	0
0.0016	25	0	0
0.0016	26	6.905578252e-07	0.0001466804438
0.0016	27	2.328734976e-06	0.0005116667728
0.0016	28	6.877165554e-07	0.0001485061514
0.0016	29	0	0
0.0017	0	0	0
0.0017	1	0	0
0.0017	2	0	0
0.0017	3	0	0
0.0017	4	0	0
0.0017	5	1.664629256e-10	2.846013027e-08
0.0017	6	1.508073278e-08	2.944794322e-06
0.0017	7	6.814364286e-08	1.508007882e-05
0.0017	8	1.474809506e-08	2.983186031e-06
0.0017	9	3.426102401e-10	7.546890244e-08
0.0017	10	0	0
0.0017	11	0	0
0.0017	12	0	0
0.0017	13	0	0
0.0017	14	0	0
0.0017	15	2.010703746e-09	3.48666681e-07
0.0017	16	7.798440693e-07	0.0001651736634
0.0017	17	1.255975697e-06	0.0002714985557
0.0017	18	7.500970083e-07	0.0001553401476
0.0017	19	2.683290016e-09	5.007367222e-07
0.0017	20	0	0
0.0017	21	0	0
0.0017	22	0	0
0.0017	23	0	0
0.0017	24	0	0
0.0017	25	0	0
0.0017	26	7.09508467e-07	0.0001479190478
0.0017	27	2.395768312e-06	0.0005160480366
0.0017	28	7.082977823e-07	0.0001498513296
0.0017	29	0	0
0.0018	0	0	0
0.0018	1	0	0
0.0018	2	0	0
0.0018	3	0	0
0.0018	4	0	0
0.0018	5	1.664629256e-10	2.846013027e-08
0.0018	6	1.641361918e-08	3.022740895e-06
0.0018	7	7.089965951e-08	1.524124938e-05
0.0018	8	1.504480469e-08	3.000537471e-06
0.0018	9	3.426102401e-10	7.546890244e-08
0.0018	10	0	0
0.0018	11	0	0
0.0018	12	0	0
0.0018	13	0	0
0.0018	14	0	0
0.0018	15	2.122897916e-09	3.552277436e-07
0.0018	16	8.097724706e-07	0.0001669238623
0.0018	17	1.302283558e-06	0.0002742066177
0.0018	18	7.803581914e-07	0.0001571098074
0.0018	19	2.870203289e-09	5.116673229e-07
0.0018	20	0	0
0.0018	21	0	0
0.0018	22	0	0
0.0018	23	0	0
0.0018	24	0	0
0.0018	25	0	0
0.0018	26	7.310596372e-07	0.0001491793502
0.0018	27	2.495404489e-06	0.0005218747136
0.0018	28	7.315795044e-07	0.0001512128338
0.0018	29	0	0
0.0019	0	0	0
0.0019	1	0	0
0.0019	2	0	0
0.0019	3	0	0
0.0019	4	0	0
0.0019	5	2.490322135e-10	3.280588226e-08
0.0019	6	1.708456172e-08	3.05805366e-06
0.0019	7	7.265294841e-08	1.533352774e-05
0.0019	8	1.568732964e-08	3.034354574e-06
0.0019	9	3.426102401e-10	7.546890244e-08
0.0019	10	0	0
0.0019	11	0	0
0.0019	12	0	0
0.0019	13	0	0
0.0019	14	0	0
0.0019	15	2.232469753e-09	3.609946824e-07
0.0019	16	8.392498984e-07	0.0001684753059
0.0019	17	1.343935003e-06	0.000276398799
0.0019	18	8.052324148e-07	0.0001584189771
0.0019	19	3.047242243e-09	5.209851626e-07
0.0019	20	0	0
0.0019	21	0	0
0.0019	22	0	0
0.0019	23	0	0
0.0019	24	0	0
0.0019	25	0	0
0.0019	26	7.567538609e-07	0.0001505316778
0.0019	27	2.592695142e-06	0.0005269952743
0.0019	28	7.558519524e-07	0.0001524903311
0.0019	29	0	0
0.002	0	0	0
0.002	1	0	0
0.002	2	0	0
0.002	3	0	0
0.002	4	0	0
0.002	5	2.490322135e-10	3.280588226e-08
0.002	6	1.842334902e-08	3.121805436e-06
0.002	7	7.679828857e-08	1.553092489e-05
0.002	8	1.67840424e-08	3.086578991e-06
0.002	9	3.604436414e-10	7.631811202e-08
0.002	10	0	0
0.002	11	0	0
0.002	12	0	0
0.002	13	0	0
0.002	14	0	0
0.002	15	2.320357679e-09	3.651798218e-07
0.002	16	8.929626167e-07	0.0001710330544
0.002	17	1.441598552e-06	0.0002810494442
0.002	18	8.5909809e-07	0.0001609840093
0.002	19	3.047242243e-09	5.209851626e-07
0.002	20	0	0
0.002	21	0	0
0.002	22	0	0
0.002	23	0	0
0.002	24	0	0
0.002	25	0	0
0.002	26	8.070696365e-07	0.0001529276671
0.002	27	2.766689313e-06	0.000535280711
0.002	28	8.04198168e-07	0.0001547925318
0.002	29	0	0
